1500.000000000	-69.552193100
1500.020000000	-69.675368000
1500.040000000	-69.561385100
1500.060000000	-69.594345900
1500.080000000	-69.351495200
1500.100000000	-69.504175200
1500.120000000	-69.498442500
1500.140000000	-69.556402000
1500.160000000	-69.462550200
1500.180000000	-69.494156300
1500.200000000	-69.666517100
1500.220000000	-69.524170100
1500.240000000	-69.667816800
1500.260000000	-69.590412900
1500.280000000	-69.473068200
1500.300000000	-69.540394200
1500.320000000	-69.496866600
1500.340000000	-69.401010000
1500.360000000	-69.476621000
1500.380000000	-69.424888000
1500.400000000	-69.500661800
1500.420000000	-69.505469400
1500.440000000	-69.393857800
1500.460000000	-69.517266400
1500.480000000	-69.666974000
1500.500000000	-69.627600700
1500.520000000	-69.581725800
1500.540000000	-69.460951200
1500.560000000	-69.401602400
1500.580000000	-69.551308900
1500.600000000	-69.516051600
1500.620000000	-69.509628900
1500.640000000	-69.694581200
1500.660000000	-69.527014500
1500.680000000	-69.505711100
1500.700000000	-69.445138300
1500.720000000	-69.641361000
1500.740000000	-69.585424900
1500.760000000	-69.605851700
1500.780000000	-69.567015900
1500.800000000	-69.485905500
1500.820000000	-69.676064200
1500.840000000	-69.657930200
1500.860000000	-69.509825400
1500.880000000	-69.583964600
1500.900000000	-69.552207200
1500.920000000	-69.580752100
1500.940000000	-69.543821100
1500.960000000	-69.523028200
1500.980000000	-69.672254200
1501.000000000	-69.466248100
1501.020000000	-69.803674400
1501.040000000	-69.607177100
1501.060000000	-69.760600700
1501.080000000	-69.492688700
1501.100000000	-69.701672200
1501.120000000	-69.637849600
1501.140000000	-69.516389200
1501.160000000	-69.633202000
1501.180000000	-69.626096100
1501.200000000	-69.733909000
1501.220000000	-69.620067100
1501.240000000	-69.642153200
1501.260000000	-69.479397700
1501.280000000	-69.635082400
1501.300000000	-69.737524700
1501.320000000	-69.807008900
1501.340000000	-69.627138900
1501.360000000	-69.623494300
1501.380000000	-69.698470600
1501.400000000	-69.725888200
1501.420000000	-69.696441400
1501.440000000	-69.832549400
1501.460000000	-69.705419200
1501.480000000	-69.635752100
1501.500000000	-69.567549600
1501.520000000	-69.454038500
1501.540000000	-69.712519500
1501.560000000	-69.524264300
1501.580000000	-69.801576400
1501.600000000	-69.657227900
1501.620000000	-69.640208000
1501.640000000	-69.794974900
1501.660000000	-69.776438000
1501.680000000	-69.644073000
1501.700000000	-69.665949500
1501.720000000	-69.675318000
1501.740000000	-69.932857600
1501.760000000	-69.865158000
1501.780000000	-69.695993900
1501.800000000	-69.776936400
1501.820000000	-69.711238700
1501.840000000	-69.788458500
1501.860000000	-69.705001900
1501.880000000	-69.805674400
1501.900000000	-69.782493100
1501.920000000	-69.517149500
1501.940000000	-69.714415500
1501.960000000	-69.488987300
1501.980000000	-69.826601200
1502.000000000	-69.765390700
1502.020000000	-69.800354900
1502.040000000	-69.862056500
1502.060000000	-69.688470500
1502.080000000	-69.650855000
1502.100000000	-69.906459300
1502.120000000	-69.650630800
1502.140000000	-69.668424600
1502.160000000	-69.851843200
1502.180000000	-69.791685500
1502.200000000	-69.842794900
1502.220000000	-69.581987500
1502.240000000	-69.625852700
1502.260000000	-69.777205200
1502.280000000	-69.666511700
1502.300000000	-69.654739200
1502.320000000	-69.601766200
1502.340000000	-69.625678400
1502.360000000	-69.735130600
1502.380000000	-69.926822600
1502.400000000	-69.789133000
1502.420000000	-69.632690600
1502.440000000	-69.638511200
1502.460000000	-69.787917900
1502.480000000	-69.698438300
1502.500000000	-69.697046700
1502.520000000	-69.844460300
1502.540000000	-69.879958600
1502.560000000	-69.906913500
1502.580000000	-69.782874600
1502.600000000	-69.818236200
1502.620000000	-69.810506600
1502.640000000	-69.695068300
1502.660000000	-69.678897400
1502.680000000	-69.646182100
1502.700000000	-69.820979100
1502.720000000	-69.774965400
1502.740000000	-69.838998600
1502.760000000	-69.847435400
1502.780000000	-69.777512600
1502.800000000	-69.898913500
1502.820000000	-70.029415300
1502.840000000	-69.836747100
1502.860000000	-69.710435200
1502.880000000	-69.472482100
1502.900000000	-69.836286100
1502.920000000	-69.859866600
1502.940000000	-69.788815700
1502.960000000	-69.809665700
1502.980000000	-69.981589600
1503.000000000	-69.802469100
1503.020000000	-69.966301700
1503.040000000	-69.767494400
1503.060000000	-69.833227100
1503.080000000	-69.740179200
1503.100000000	-69.742228800
1503.120000000	-69.649197400
1503.140000000	-69.644010600
1503.160000000	-69.929488500
1503.180000000	-69.893794100
1503.200000000	-69.826360200
1503.220000000	-69.752449600
1503.240000000	-69.746097900
1503.260000000	-69.643389000
1503.280000000	-69.847621500
1503.300000000	-69.520437500
1503.320000000	-69.684221800
1503.340000000	-69.795867700
1503.360000000	-69.853085800
1503.380000000	-69.830746700
1503.400000000	-69.806782700
1503.420000000	-69.817365800
1503.440000000	-69.872660500
1503.460000000	-69.856449000
1503.480000000	-69.836058000
1503.500000000	-69.747517200
1503.520000000	-69.955858500
1503.540000000	-69.729692400
1503.560000000	-69.935831800
1503.580000000	-69.922696200
1503.600000000	-69.845964600
1503.620000000	-69.944889700
1503.640000000	-69.911002500
1503.660000000	-69.939317900
1503.680000000	-69.803720400
1503.700000000	-70.093706000
1503.720000000	-69.781764500
1503.740000000	-69.888427600
1503.760000000	-69.876121200
1503.780000000	-69.817044100
1503.800000000	-69.905798700
1503.820000000	-69.734770300
1503.840000000	-70.136570800
1503.860000000	-69.945370800
1503.880000000	-69.965282800
1503.900000000	-69.942585000
1503.920000000	-69.854048600
1503.940000000	-69.766760700
1503.960000000	-69.959809300
1503.980000000	-69.888288400
1504.000000000	-69.705422300
1504.020000000	-69.787392400
1504.040000000	-69.932513100
1504.060000000	-69.908696400
1504.080000000	-69.828971300
1504.100000000	-70.024826900
1504.120000000	-70.026362700
1504.140000000	-69.776495700
1504.160000000	-69.941717700
1504.180000000	-69.689294700
1504.200000000	-69.846195400
1504.220000000	-69.746278300
1504.240000000	-69.987697900
1504.260000000	-69.941980100
1504.280000000	-70.049154700
1504.300000000	-69.806127600
1504.320000000	-69.854794300
1504.340000000	-69.679847000
1504.360000000	-69.946227900
1504.380000000	-69.742504900
1504.400000000	-69.972569200
1504.420000000	-69.875327600
1504.440000000	-69.790899900
1504.460000000	-70.043499000
1504.480000000	-69.944890800
1504.500000000	-70.088653700
1504.520000000	-69.912999100
1504.540000000	-69.889555800
1504.560000000	-70.001801500
1504.580000000	-70.095012700
1504.600000000	-70.050242400
1504.620000000	-70.001927200
1504.640000000	-69.985447000
1504.660000000	-69.855718700
1504.680000000	-69.866815700
1504.700000000	-70.053040200
1504.720000000	-69.939318400
1504.740000000	-69.789317500
1504.760000000	-69.913858300
1504.780000000	-70.083616800
1504.800000000	-69.760853400
1504.820000000	-70.097821300
1504.840000000	-70.291794600
1504.860000000	-69.707579600
1504.880000000	-69.909156200
1504.900000000	-69.993500100
1504.920000000	-69.732874200
1504.940000000	-69.882737200
1504.960000000	-70.010877400
1504.980000000	-70.162460700
1505.000000000	-70.074347700
1505.020000000	-69.878890300
1505.040000000	-70.049641000
1505.060000000	-69.877829500
1505.080000000	-69.879260300
1505.100000000	-70.028443800
1505.120000000	-70.112894600
1505.140000000	-69.928726000
1505.160000000	-69.941613100
1505.180000000	-70.053497900
1505.200000000	-69.969480300
1505.220000000	-70.099865000
1505.240000000	-69.974513800
1505.260000000	-69.929000200
1505.280000000	-70.107441100
1505.300000000	-69.861958400
1505.320000000	-70.163951800
1505.340000000	-69.888783300
1505.360000000	-69.940479800
1505.380000000	-70.014746300
1505.400000000	-70.083626800
1505.420000000	-70.142939200
1505.440000000	-70.222486100
1505.460000000	-70.362020200
1505.480000000	-70.003664100
1505.500000000	-70.326644000
1505.520000000	-70.049358800
1505.540000000	-70.026228900
1505.560000000	-70.041842600
1505.580000000	-69.971318800
1505.600000000	-70.023695700
1505.620000000	-70.030281100
1505.640000000	-70.003535400
1505.660000000	-70.103936000
1505.680000000	-69.963183700
1505.700000000	-69.881940200
1505.720000000	-70.125448000
1505.740000000	-69.937073100
1505.760000000	-70.319356400
1505.780000000	-70.021655300
1505.800000000	-69.903397700
1505.820000000	-70.137792600
1505.840000000	-70.217892700
1505.860000000	-69.982308700
1505.880000000	-70.117430400
1505.900000000	-70.125620800
1505.920000000	-70.137067500
1505.940000000	-70.185415000
1505.960000000	-70.009046400
1505.980000000	-70.122314100
1506.000000000	-69.947596600
1506.020000000	-70.108378400
1506.040000000	-70.106548200
1506.060000000	-70.150055300
1506.080000000	-70.226716400
1506.100000000	-70.054004400
1506.120000000	-70.132425000
1506.140000000	-69.942295000
1506.160000000	-70.139440900
1506.180000000	-70.340359400
1506.200000000	-70.006084600
1506.220000000	-70.080495600
1506.240000000	-70.081706000
1506.260000000	-70.099767400
1506.280000000	-70.102592300
1506.300000000	-70.354100200
1506.320000000	-69.942428300
1506.340000000	-70.137629900
1506.360000000	-70.008486200
1506.380000000	-70.057015200
1506.400000000	-70.075307100
1506.420000000	-70.121656200
1506.440000000	-70.105843200
1506.460000000	-70.126823600
1506.480000000	-70.068576400
1506.500000000	-70.263103300
1506.520000000	-70.070903400
1506.540000000	-70.170475000
1506.560000000	-70.223303600
1506.580000000	-70.142107900
1506.600000000	-70.127928600
1506.620000000	-69.993527500
1506.640000000	-70.153510700
1506.660000000	-70.296857000
1506.680000000	-70.178642800
1506.700000000	-70.054600700
1506.720000000	-70.459344700
1506.740000000	-70.005200300
1506.760000000	-70.134592500
1506.780000000	-69.981112100
1506.800000000	-70.269327600
1506.820000000	-70.023259100
1506.840000000	-70.470746700
1506.860000000	-70.258038200
1506.880000000	-70.175745800
1506.900000000	-70.095597800
1506.920000000	-70.159543900
1506.940000000	-70.227518600
1506.960000000	-70.195139700
1506.980000000	-70.191138700
1507.000000000	-70.184772900
1507.020000000	-70.321695900
1507.040000000	-70.327699900
1507.060000000	-70.132544900
1507.080000000	-70.004270500
1507.100000000	-70.157700600
1507.120000000	-70.076620600
1507.140000000	-70.113540000
1507.160000000	-70.157836900
1507.180000000	-70.161772000
1507.200000000	-70.109687500
1507.220000000	-70.289637500
1507.240000000	-70.347467600
1507.260000000	-70.175816700
1507.280000000	-70.083597400
1507.300000000	-70.383964400
1507.320000000	-70.188679700
1507.340000000	-70.382470100
1507.360000000	-70.438767500
1507.380000000	-70.359828500
1507.400000000	-70.270343400
1507.420000000	-70.432401500
1507.440000000	-70.092030600
1507.460000000	-70.240945000
1507.480000000	-70.483261500
1507.500000000	-70.408945100
1507.520000000	-70.297849700
1507.540000000	-70.428101000
1507.560000000	-70.405291900
1507.580000000	-70.209281600
1507.600000000	-70.083827100
1507.620000000	-70.106396000
1507.640000000	-70.284097600
1507.660000000	-70.279948300
1507.680000000	-70.411999500
1507.700000000	-70.270285800
1507.720000000	-70.258893700
1507.740000000	-70.204955000
1507.760000000	-70.121143400
1507.780000000	-70.341788600
1507.800000000	-70.247448000
1507.820000000	-70.325885900
1507.840000000	-70.390460800
1507.860000000	-70.278860400
1507.880000000	-70.199705200
1507.900000000	-70.209170500
1507.920000000	-70.168665500
1507.940000000	-70.327349800
1507.960000000	-70.318691500
1507.980000000	-70.198977900
1508.000000000	-70.236761000
1508.020000000	-70.434079000
1508.040000000	-70.320011400
1508.060000000	-70.413164200
1508.080000000	-70.281749500
1508.100000000	-70.234035200
1508.120000000	-70.398966100
1508.140000000	-70.409471500
1508.160000000	-70.286907100
1508.180000000	-70.351350900
1508.200000000	-70.426964900
1508.220000000	-70.219354500
1508.240000000	-70.371850800
1508.260000000	-70.325258300
1508.280000000	-70.327344400
1508.300000000	-70.555543100
1508.320000000	-70.452923800
1508.340000000	-70.336911300
1508.360000000	-70.495828200
1508.380000000	-70.572444900
1508.400000000	-70.501333900
1508.420000000	-70.324017700
1508.440000000	-70.412916900
1508.460000000	-70.414910900
1508.480000000	-70.599437300
1508.500000000	-70.221329500
1508.520000000	-70.281447900
1508.540000000	-70.499727900
1508.560000000	-70.395447000
1508.580000000	-70.653655400
1508.600000000	-70.462674400
1508.620000000	-70.205327400
1508.640000000	-70.452069000
1508.660000000	-70.220532000
1508.680000000	-70.347582600
1508.700000000	-70.222982400
1508.720000000	-70.256935900
1508.740000000	-70.493723800
1508.760000000	-70.531439900
1508.780000000	-70.411528400
1508.800000000	-70.541372200
1508.820000000	-70.550408500
1508.840000000	-70.544919300
1508.860000000	-70.441823500
1508.880000000	-70.518879300
1508.900000000	-70.194875800
1508.920000000	-70.585141000
1508.940000000	-70.556570700
1508.960000000	-70.375547400
1508.980000000	-70.361911800
1509.000000000	-70.492019500
1509.020000000	-70.387805300
1509.040000000	-70.541140500
1509.060000000	-70.444237800
1509.080000000	-70.284157400
1509.100000000	-70.388924600
1509.120000000	-70.354302900
1509.140000000	-70.267347800
1509.160000000	-70.602096100
1509.180000000	-70.683219000
1509.200000000	-70.578849700
1509.220000000	-70.474089600
1509.240000000	-70.409460200
1509.260000000	-70.653276100
1509.280000000	-70.460573900
1509.300000000	-70.431347800
1509.320000000	-70.439607900
1509.340000000	-70.384171700
1509.360000000	-70.535874800
1509.380000000	-70.531620400
1509.400000000	-70.252309700
1509.420000000	-70.613469800
1509.440000000	-70.713869500
1509.460000000	-70.548419300
1509.480000000	-70.463314900
1509.500000000	-70.452090100
1509.520000000	-70.550001200
1509.540000000	-70.550950200
1509.560000000	-70.343044200
1509.580000000	-70.617858700
1509.600000000	-70.648349800
1509.620000000	-70.402384000
1509.640000000	-70.499281200
1509.660000000	-70.713553300
1509.680000000	-70.630979100
1509.700000000	-70.751976600
1509.720000000	-70.657251600
1509.740000000	-70.493037500
1509.760000000	-70.526342900
1509.780000000	-70.590046800
1509.800000000	-70.612190000
1509.820000000	-70.408720200
1509.840000000	-70.400457200
1509.860000000	-70.523673400
1509.880000000	-70.554057200
1509.900000000	-70.720199600
1509.920000000	-70.621874000
1509.940000000	-70.629005100
1509.960000000	-70.261804700
1509.980000000	-70.439569100
1510.000000000	-70.675441100
1510.020000000	-70.518405300
1510.040000000	-70.641523700
1510.060000000	-70.800624400
1510.080000000	-70.602551200
1510.100000000	-70.311510200
1510.120000000	-70.703601600
1510.140000000	-70.498465600
1510.160000000	-70.647475300
1510.180000000	-70.614579800
1510.200000000	-70.512016900
1510.220000000	-70.349282300
1510.240000000	-70.544798800
1510.260000000	-70.715524000
1510.280000000	-70.556388100
1510.300000000	-70.559174100
1510.320000000	-70.541838000
1510.340000000	-70.387321100
1510.360000000	-70.758917800
1510.380000000	-70.753241200
1510.400000000	-70.652918000
1510.420000000	-70.374233100
1510.440000000	-70.434957200
1510.460000000	-70.390329900
1510.480000000	-70.534445200
1510.500000000	-70.456269800
1510.520000000	-70.695630600
1510.540000000	-70.831186000
1510.560000000	-70.728450100
1510.580000000	-70.712626300
1510.600000000	-70.564721800
1510.620000000	-70.688705800
1510.640000000	-70.494677700
1510.660000000	-70.636889600
1510.680000000	-70.727674600
1510.700000000	-70.658521000
1510.720000000	-70.820279400
1510.740000000	-70.925886100
1510.760000000	-70.591274100
1510.780000000	-70.719305100
1510.800000000	-70.843771600
1510.820000000	-70.664989500
1510.840000000	-70.842715000
1510.860000000	-70.645924200
1510.880000000	-70.686188200
1510.900000000	-70.686880700
1510.920000000	-70.875098600
1510.940000000	-70.594194400
1510.960000000	-70.685022200
1510.980000000	-70.688597600
1511.000000000	-70.791680300
1511.020000000	-70.536957900
1511.040000000	-70.630623200
1511.060000000	-70.582903500
1511.080000000	-70.853296400
1511.100000000	-70.895670500
1511.120000000	-71.072458400
1511.140000000	-70.818869200
1511.160000000	-70.799360000
1511.180000000	-70.719926100
1511.200000000	-70.794560100
1511.220000000	-70.754147300
1511.240000000	-70.762951400
1511.260000000	-70.691595700
1511.280000000	-70.677957200
1511.300000000	-70.795449400
1511.320000000	-70.760668900
1511.340000000	-70.740064500
1511.360000000	-70.868778800
1511.380000000	-70.808460300
1511.400000000	-70.801217900
1511.420000000	-70.708763300
1511.440000000	-71.132728400
1511.460000000	-70.983600900
1511.480000000	-70.531624600
1511.500000000	-70.651007000
1511.520000000	-70.685865900
1511.540000000	-70.720715700
1511.560000000	-70.688075500
1511.580000000	-70.655459000
1511.600000000	-70.793959900
1511.620000000	-70.829315200
1511.640000000	-70.994530600
1511.660000000	-70.869755600
1511.680000000	-71.040306800
1511.700000000	-70.822551400
1511.720000000	-71.056500800
1511.740000000	-71.042912000
1511.760000000	-71.203996000
1511.780000000	-71.116609600
1511.800000000	-70.798152300
1511.820000000	-70.768610400
1511.840000000	-70.804023000
1511.860000000	-70.908078500
1511.880000000	-70.849801300
1511.900000000	-70.816668300
1511.920000000	-70.797218200
1511.940000000	-70.778988100
1511.960000000	-70.699740200
1511.980000000	-70.715957900
1512.000000000	-70.953682500
1512.020000000	-70.656202100
1512.040000000	-70.709472900
1512.060000000	-70.763652200
1512.080000000	-71.058273600
1512.100000000	-70.875963400
1512.120000000	-70.991165500
1512.140000000	-70.899985800
1512.160000000	-70.764360000
1512.180000000	-70.699691200
1512.200000000	-70.971947800
1512.220000000	-70.995047700
1512.240000000	-70.711015800
1512.260000000	-70.887571900
1512.280000000	-70.764885700
1512.300000000	-71.059238300
1512.320000000	-70.962883200
1512.340000000	-70.861728600
1512.360000000	-70.969133800
1512.380000000	-70.858314300
1512.400000000	-70.737239200
1512.420000000	-70.819692400
1512.440000000	-71.020790800
1512.460000000	-70.931170000
1512.480000000	-70.999936600
1512.500000000	-70.892590100
1512.520000000	-70.867693700
1512.540000000	-70.944009200
1512.560000000	-70.903709300
1512.580000000	-70.780165800
1512.600000000	-70.988850000
1512.620000000	-70.972240600
1512.640000000	-70.861355500
1512.660000000	-71.006315600
1512.680000000	-70.909030100
1512.700000000	-71.127926500
1512.720000000	-71.008632800
1512.740000000	-70.880660900
1512.760000000	-71.176921600
1512.780000000	-71.021257700
1512.800000000	-70.940295500
1512.820000000	-71.040785300
1512.840000000	-70.818901600
1512.860000000	-70.865758900
1512.880000000	-71.018989800
1512.900000000	-70.876321700
1512.920000000	-70.926863800
1512.940000000	-70.862468600
1512.960000000	-70.943269900
1512.980000000	-70.920194500
1513.000000000	-70.720999300
1513.020000000	-70.896270900
1513.040000000	-71.003174300
1513.060000000	-70.815476500
1513.080000000	-70.807428100
1513.100000000	-70.805574900
1513.120000000	-70.977191900
1513.140000000	-71.099930900
1513.160000000	-70.951430600
1513.180000000	-70.782095400
1513.200000000	-71.055764000
1513.220000000	-71.042532200
1513.240000000	-70.918937100
1513.260000000	-71.001627300
1513.280000000	-71.032232000
1513.300000000	-71.158904000
1513.320000000	-71.217499700
1513.340000000	-71.025739200
1513.360000000	-71.095546500
1513.380000000	-70.999882500
1513.400000000	-71.004374200
1513.420000000	-70.989596600
1513.440000000	-71.096213300
1513.460000000	-71.086179400
1513.480000000	-71.008022900
1513.500000000	-71.260430200
1513.520000000	-71.171986000
1513.540000000	-71.248312200
1513.560000000	-71.030692100
1513.580000000	-71.025711400
1513.600000000	-71.150014600
1513.620000000	-71.073086300
1513.640000000	-71.171273900
1513.660000000	-71.237939900
1513.680000000	-71.199745200
1513.700000000	-71.273037500
1513.720000000	-71.092862800
1513.740000000	-71.138064600
1513.760000000	-70.983824200
1513.780000000	-71.094186000
1513.800000000	-71.245492500
1513.820000000	-71.040520500
1513.840000000	-71.111505400
1513.860000000	-70.935956600
1513.880000000	-71.029723900
1513.900000000	-71.247547600
1513.920000000	-71.153111800
1513.940000000	-70.962356600
1513.960000000	-71.153394000
1513.980000000	-71.224379800
1514.000000000	-71.117565500
1514.020000000	-71.090953700
1514.040000000	-70.921207300
1514.060000000	-71.142561000
1514.080000000	-71.249297000
1514.100000000	-71.285082900
1514.120000000	-70.916310800
1514.140000000	-71.043845000
1514.160000000	-70.967053300
1514.180000000	-71.044963200
1514.200000000	-71.153449400
1514.220000000	-71.461154900
1514.240000000	-71.198716000
1514.260000000	-70.937195400
1514.280000000	-71.149182600
1514.300000000	-71.210605400
1514.320000000	-71.207353200
1514.340000000	-71.274154000
1514.360000000	-71.280958000
1514.380000000	-71.267981900
1514.400000000	-71.171198200
1514.420000000	-71.175948300
1514.440000000	-71.148713400
1514.460000000	-71.189180500
1514.480000000	-71.275495900
1514.500000000	-71.140760000
1514.520000000	-71.384483400
1514.540000000	-71.237280700
1514.560000000	-71.465829500
1514.580000000	-71.212217200
1514.600000000	-71.283950200
1514.620000000	-71.252516300
1514.640000000	-71.290908500
1514.660000000	-71.300748200
1514.680000000	-71.261213400
1514.700000000	-71.226161000
1514.720000000	-71.297675200
1514.740000000	-71.296144500
1514.760000000	-71.348458100
1514.780000000	-71.213639800
1514.800000000	-71.147496900
1514.820000000	-71.311174800
1514.840000000	-71.139333200
1514.860000000	-71.042297700
1514.880000000	-71.269672900
1514.900000000	-71.172317700
1514.920000000	-71.318076100
1514.940000000	-71.514569600
1514.960000000	-71.231836300
1514.980000000	-71.094701100
1515.000000000	-71.235644700
1515.020000000	-71.173913300
1515.040000000	-71.257767900
1515.060000000	-71.153993100
1515.080000000	-71.184926000
1515.100000000	-71.210854500
1515.120000000	-71.426682500
1515.140000000	-71.180410700
1515.160000000	-71.423955300
1515.180000000	-71.513156500
1515.200000000	-71.435159900
1515.220000000	-71.455444700
1515.240000000	-71.515212500
1515.260000000	-71.094161100
1515.280000000	-71.022129400
1515.300000000	-71.034663500
1515.320000000	-71.368610800
1515.340000000	-71.315352800
1515.360000000	-71.427248200
1515.380000000	-71.435708300
1515.400000000	-71.276676600
1515.420000000	-71.240581300
1515.440000000	-71.452386900
1515.460000000	-71.478460600
1515.480000000	-71.413136800
1515.500000000	-71.330886800
1515.520000000	-71.491609600
1515.540000000	-71.447086900
1515.560000000	-71.449580200
1515.580000000	-71.380502600
1515.600000000	-71.441603700
1515.620000000	-71.413436300
1515.640000000	-71.418666000
1515.660000000	-71.336591900
1515.680000000	-71.380961400
1515.700000000	-71.436765000
1515.720000000	-71.115647100
1515.740000000	-71.293555900
1515.760000000	-71.273170000
1515.780000000	-71.236611400
1515.800000000	-71.475191100
1515.820000000	-71.385906000
1515.840000000	-71.399889600
1515.860000000	-71.376870800
1515.880000000	-71.150726000
1515.900000000	-71.350737600
1515.920000000	-71.306131400
1515.940000000	-71.313871300
1515.960000000	-71.232630500
1515.980000000	-71.532734400
1516.000000000	-71.602132000
1516.020000000	-71.172881700
1516.040000000	-71.361333600
1516.060000000	-71.502971900
1516.080000000	-71.430567700
1516.100000000	-71.325624200
1516.120000000	-71.330054700
1516.140000000	-71.396553100
1516.160000000	-71.527584300
1516.180000000	-71.380908100
1516.200000000	-71.193876400
1516.220000000	-71.215191900
1516.240000000	-71.238177100
1516.260000000	-71.424297700
1516.280000000	-71.387252100
1516.300000000	-71.384713400
1516.320000000	-71.348181800
1516.340000000	-71.381860600
1516.360000000	-71.223774000
1516.380000000	-71.404201200
1516.400000000	-71.747784800
1516.420000000	-71.470159900
1516.440000000	-71.436740500
1516.460000000	-71.329466900
1516.480000000	-71.460752800
1516.500000000	-71.480906200
1516.520000000	-71.422290600
1516.540000000	-71.403322300
1516.560000000	-71.725651000
1516.580000000	-71.377082300
1516.600000000	-71.831356600
1516.620000000	-71.430544300
1516.640000000	-71.628257700
1516.660000000	-71.732415500
1516.680000000	-71.576048100
1516.700000000	-71.477599600
1516.720000000	-71.585846400
1516.740000000	-71.507625500
1516.760000000	-71.593029500
1516.780000000	-71.303792000
1516.800000000	-71.579469000
1516.820000000	-71.355131100
1516.840000000	-71.513955700
1516.860000000	-71.571688600
1516.880000000	-71.517018000
1516.900000000	-71.323221800
1516.920000000	-71.376886700
1516.940000000	-71.400136800
1516.960000000	-71.426484700
1516.980000000	-71.316049900
1517.000000000	-71.227179400
1517.020000000	-71.208093500
1517.040000000	-71.606963200
1517.060000000	-71.579836800
1517.080000000	-71.370508400
1517.100000000	-71.408643000
1517.120000000	-71.583993700
1517.140000000	-71.471010900
1517.160000000	-71.642204900
1517.180000000	-71.525021300
1517.200000000	-71.606124700
1517.220000000	-71.553181600
1517.240000000	-71.509578900
1517.260000000	-71.509167000
1517.280000000	-71.532262300
1517.300000000	-71.584017700
1517.320000000	-71.306558000
1517.340000000	-71.540456500
1517.360000000	-71.405420900
1517.380000000	-71.634699500
1517.400000000	-71.501782300
1517.420000000	-71.629528300
1517.440000000	-71.445234300
1517.460000000	-71.452788800
1517.480000000	-71.771000300
1517.500000000	-71.644325000
1517.520000000	-71.710397900
1517.540000000	-71.901110000
1517.560000000	-71.890361600
1517.580000000	-71.200830200
1517.600000000	-71.599955800
1517.620000000	-71.722309500
1517.640000000	-71.361851700
1517.660000000	-71.591968900
1517.680000000	-71.542710700
1517.700000000	-71.523628400
1517.720000000	-71.550992800
1517.740000000	-71.841785400
1517.760000000	-71.462093900
1517.780000000	-71.667842900
1517.800000000	-71.691915100
1517.820000000	-71.657295300
1517.840000000	-71.762639800
1517.860000000	-71.522130700
1517.880000000	-71.779373700
1517.900000000	-71.746862800
1517.920000000	-71.542291700
1517.940000000	-71.606108600
1517.960000000	-71.766982300
1517.980000000	-71.735459500
1518.000000000	-71.614762600
1518.020000000	-71.705690500
1518.040000000	-71.547777300
1518.060000000	-71.763543800
1518.080000000	-71.553862500
1518.100000000	-71.500163600
1518.120000000	-71.701826400
1518.140000000	-71.624668200
1518.160000000	-71.974986700
1518.180000000	-71.672662400
1518.200000000	-71.557778500
1518.220000000	-71.495490900
1518.240000000	-71.496802500
1518.260000000	-71.694685600
1518.280000000	-71.756822400
1518.300000000	-71.531191200
1518.320000000	-71.866899200
1518.340000000	-71.658369400
1518.360000000	-71.608153400
1518.380000000	-71.482700400
1518.400000000	-71.940249400
1518.420000000	-71.807139100
1518.440000000	-71.594805700
1518.460000000	-71.913320600
1518.480000000	-72.084768100
1518.500000000	-71.894502700
1518.520000000	-71.931712600
1518.540000000	-71.649018500
1518.560000000	-71.725173200
1518.580000000	-71.927381800
1518.600000000	-71.738639700
1518.620000000	-71.656385100
1518.640000000	-71.536737900
1518.660000000	-71.514985000
1518.680000000	-71.613700600
1518.700000000	-71.559904400
1518.720000000	-71.731853900
1518.740000000	-71.576096900
1518.760000000	-71.648564300
1518.780000000	-71.656575800
1518.800000000	-71.596720600
1518.820000000	-71.840241100
1518.840000000	-71.848079800
1518.860000000	-71.554051000
1518.880000000	-71.675994600
1518.900000000	-71.916267600
1518.920000000	-71.749871600
1518.940000000	-71.677528800
1518.960000000	-71.962057000
1518.980000000	-71.553978700
1519.000000000	-71.741146400
1519.020000000	-71.731387000
1519.040000000	-71.826940700
1519.060000000	-71.817991000
1519.080000000	-71.828796000
1519.100000000	-71.783866300
1519.120000000	-71.744635100
1519.140000000	-71.607001900
1519.160000000	-71.772349000
1519.180000000	-71.577749100
1519.200000000	-71.451664800
1519.220000000	-71.689284200
1519.240000000	-71.513535900
1519.260000000	-71.419650100
1519.280000000	-71.613903300
1519.300000000	-71.539684000
1519.320000000	-71.827525100
1519.340000000	-71.798114200
1519.360000000	-71.676698300
1519.380000000	-71.557604400
1519.400000000	-71.596821200
1519.420000000	-71.649728400
1519.440000000	-71.686932800
1519.460000000	-71.604328300
1519.480000000	-71.591484200
1519.500000000	-71.787305900
1519.520000000	-71.699300100
1519.540000000	-71.543292400
1519.560000000	-71.951692600
1519.580000000	-71.765983100
1519.600000000	-71.926010600
1519.620000000	-71.700572600
1519.640000000	-71.955437600
1519.660000000	-71.711628900
1519.680000000	-71.712947300
1519.700000000	-71.826640900
1519.720000000	-71.687665600
1519.740000000	-71.698574200
1519.760000000	-71.898675000
1519.780000000	-71.646922600
1519.800000000	-71.827246100
1519.820000000	-71.881258100
1519.840000000	-71.959145200
1519.860000000	-71.769177000
1519.880000000	-71.678445600
1519.900000000	-71.776394300
1519.920000000	-71.840254300
1519.940000000	-71.676730400
1519.960000000	-71.661963000
1519.980000000	-71.662614600
1520.000000000	-72.037659700
1520.020000000	-72.275322100
1520.040000000	-71.901491700
1520.060000000	-71.719414400
1520.080000000	-71.925546300
1520.100000000	-71.878280500
1520.120000000	-71.761083100
1520.140000000	-71.836439200
1520.160000000	-71.760074000
1520.180000000	-71.979145000
1520.200000000	-71.706890800
1520.220000000	-71.824694000
1520.240000000	-71.952101400
1520.260000000	-71.943863800
1520.280000000	-71.872541800
1520.300000000	-71.782909800
1520.320000000	-72.001177700
1520.340000000	-72.085888500
1520.360000000	-71.819075700
1520.380000000	-71.957198100
1520.400000000	-71.796173100
1520.420000000	-71.840316800
1520.440000000	-71.889668300
1520.460000000	-71.678484300
1520.480000000	-71.863974600
1520.500000000	-72.009513700
1520.520000000	-71.854306200
1520.540000000	-71.885438200
1520.560000000	-71.865881300
1520.580000000	-71.772898000
1520.600000000	-71.684553700
1520.620000000	-71.635364900
1520.640000000	-71.994360900
1520.660000000	-71.847444100
1520.680000000	-71.524365100
1520.700000000	-71.765447900
1520.720000000	-71.911863600
1520.740000000	-71.886444700
1520.760000000	-71.688983600
1520.780000000	-71.692082200
1520.800000000	-71.858254300
1520.820000000	-71.935307300
1520.840000000	-71.951505600
1520.860000000	-71.735574200
1520.880000000	-71.857574300
1520.900000000	-71.902501100
1520.920000000	-72.101825800
1520.940000000	-72.061487400
1520.960000000	-72.080674700
1520.980000000	-72.040491900
1521.000000000	-72.068338400
1521.020000000	-71.893266600
1521.040000000	-71.818282800
1521.060000000	-71.693398700
1521.080000000	-71.960240000
1521.100000000	-71.665087300
1521.120000000	-71.683665400
1521.140000000	-71.910122100
1521.160000000	-71.954829300
1521.180000000	-71.878210000
1521.200000000	-71.907968300
1521.220000000	-71.969515600
1521.240000000	-71.943983000
1521.260000000	-72.061938100
1521.280000000	-71.948099900
1521.300000000	-71.839362200
1521.320000000	-71.694395700
1521.340000000	-72.141474100
1521.360000000	-72.165226300
1521.380000000	-71.906289700
1521.400000000	-71.858224200
1521.420000000	-71.664012500
1521.440000000	-72.108560500
1521.460000000	-72.119982000
1521.480000000	-71.863043100
1521.500000000	-72.038564400
1521.520000000	-71.955203500
1521.540000000	-71.796552900
1521.560000000	-71.910125700
1521.580000000	-71.983943700
1521.600000000	-72.295937900
1521.620000000	-72.186296700
1521.640000000	-71.892570700
1521.660000000	-71.742654000
1521.680000000	-71.718925800
1521.700000000	-71.759046700
1521.720000000	-71.815973400
1521.740000000	-71.850056000
1521.760000000	-71.855090000
1521.780000000	-71.993520500
1521.800000000	-72.055040600
1521.820000000	-72.081373000
1521.840000000	-71.746506200
1521.860000000	-72.035960900
1521.880000000	-72.076135200
1521.900000000	-71.952873600
1521.920000000	-71.955921500
1521.940000000	-71.826928900
1521.960000000	-71.936022800
1521.980000000	-71.869668300
1522.000000000	-71.930864600
1522.020000000	-71.939206800
1522.040000000	-71.910202400
1522.060000000	-72.085800600
1522.080000000	-71.973617900
1522.100000000	-72.006037800
1522.120000000	-72.144131600
1522.140000000	-71.904485100
1522.160000000	-71.835233000
1522.180000000	-72.238887300
1522.200000000	-71.945825200
1522.220000000	-71.961765200
1522.240000000	-72.034018800
1522.260000000	-71.876702200
1522.280000000	-72.030157300
1522.300000000	-71.955401900
1522.320000000	-71.928966400
1522.340000000	-72.103138600
1522.360000000	-72.207511700
1522.380000000	-72.127165600
1522.400000000	-71.923288200
1522.420000000	-71.960836400
1522.440000000	-72.133729700
1522.460000000	-72.107784900
1522.480000000	-72.034760700
1522.500000000	-72.051694700
1522.520000000	-72.259236600
1522.540000000	-72.211138000
1522.560000000	-71.907113600
1522.580000000	-72.241900200
1522.600000000	-72.084003600
1522.620000000	-72.082483500
1522.640000000	-72.217350900
1522.660000000	-72.094396600
1522.680000000	-71.989282900
1522.700000000	-72.116546000
1522.720000000	-71.839507500
1522.740000000	-72.164688700
1522.760000000	-72.070645200
1522.780000000	-72.031384400
1522.800000000	-71.913074900
1522.820000000	-72.107923800
1522.840000000	-72.039346400
1522.860000000	-71.907315300
1522.880000000	-72.154720000
1522.900000000	-72.024240100
1522.920000000	-71.879251400
1522.940000000	-72.206820800
1522.960000000	-72.148675600
1522.980000000	-72.079374500
1523.000000000	-72.118872400
1523.020000000	-71.905243100
1523.040000000	-71.804127300
1523.060000000	-71.806526900
1523.080000000	-71.875815500
1523.100000000	-72.036139800
1523.120000000	-71.885634800
1523.140000000	-71.901981300
1523.160000000	-72.300639100
1523.180000000	-72.095224100
1523.200000000	-72.100987600
1523.220000000	-71.796162600
1523.240000000	-72.138310700
1523.260000000	-71.574176300
1523.280000000	-71.814886700
1523.300000000	-71.963983100
1523.320000000	-71.832944900
1523.340000000	-72.306151700
1523.360000000	-72.203090800
1523.380000000	-72.197830200
1523.400000000	-72.020270600
1523.420000000	-71.954347700
1523.440000000	-72.043504900
1523.460000000	-71.952349800
1523.480000000	-71.990397900
1523.500000000	-72.227701300
1523.520000000	-71.809753500
1523.540000000	-72.032066700
1523.560000000	-72.130234300
1523.580000000	-72.056084800
1523.600000000	-71.975839100
1523.620000000	-71.846880800
1523.640000000	-72.093765300
1523.660000000	-71.987542200
1523.680000000	-72.129680000
1523.700000000	-72.213947000
1523.720000000	-72.159332000
1523.740000000	-71.997499100
1523.760000000	-71.907265900
1523.780000000	-72.087535600
1523.800000000	-72.227887600
1523.820000000	-72.174641800
1523.840000000	-72.201853600
1523.860000000	-72.026812300
1523.880000000	-72.043565000
1523.900000000	-72.027673100
1523.920000000	-71.908021500
1523.940000000	-72.186584100
1523.960000000	-72.289824700
1523.980000000	-72.076828300
1524.000000000	-71.943499800
1524.020000000	-72.022033700
1524.040000000	-72.054406500
1524.060000000	-71.866586600
1524.080000000	-72.168021200
1524.100000000	-72.088170400
1524.120000000	-71.797816100
1524.140000000	-72.040032700
1524.160000000	-71.954996200
1524.180000000	-71.956240000
1524.200000000	-72.061110400
1524.220000000	-72.066380500
1524.240000000	-71.927028100
1524.260000000	-72.218111500
1524.280000000	-72.043689300
1524.300000000	-72.171870700
1524.320000000	-72.246693400
1524.340000000	-72.091894900
1524.360000000	-72.230618200
1524.380000000	-72.096318500
1524.400000000	-72.163700800
1524.420000000	-72.245902600
1524.440000000	-72.220884800
1524.460000000	-72.092972200
1524.480000000	-72.090710200
1524.500000000	-72.007653700
1524.520000000	-72.255395600
1524.540000000	-72.198112700
1524.560000000	-72.159791400
1524.580000000	-72.220459400
1524.600000000	-71.957676400
1524.620000000	-71.872316600
1524.640000000	-72.089608300
1524.660000000	-72.165568700
1524.680000000	-72.082648000
1524.700000000	-71.829421200
1524.720000000	-71.910613200
1524.740000000	-72.146095600
1524.760000000	-71.960300900
1524.780000000	-71.939646300
1524.800000000	-71.976078800
1524.820000000	-72.108178700
1524.840000000	-72.151024400
1524.860000000	-72.068366100
1524.880000000	-72.058381900
1524.900000000	-72.068692000
1524.920000000	-72.218434800
1524.940000000	-71.872891500
1524.960000000	-72.193297300
1524.980000000	-72.153179000
1525.000000000	-72.140674600
1525.020000000	-71.923885300
1525.040000000	-72.221869800
1525.060000000	-72.019913800
1525.080000000	-71.721813200
1525.100000000	-71.878667400
1525.120000000	-72.002552900
1525.140000000	-72.109626900
1525.160000000	-72.283115400
1525.180000000	-71.992049400
1525.200000000	-71.978006900
1525.220000000	-71.924445100
1525.240000000	-71.907947900
1525.260000000	-72.004120000
1525.280000000	-72.145649000
1525.300000000	-72.067500000
1525.320000000	-72.387644000
1525.340000000	-72.044250100
1525.360000000	-72.193447100
1525.380000000	-72.156511500
1525.400000000	-72.158268400
1525.420000000	-72.471668800
1525.440000000	-72.036580600
1525.460000000	-72.194070800
1525.480000000	-72.309853800
1525.500000000	-72.388999300
1525.520000000	-72.034094800
1525.540000000	-72.138266300
1525.560000000	-71.941036000
1525.580000000	-71.788452900
1525.600000000	-71.755504200
1525.620000000	-71.813106300
1525.640000000	-71.966710600
1525.660000000	-72.084154100
1525.680000000	-72.096234100
1525.700000000	-72.085236600
1525.720000000	-72.210514500
1525.740000000	-72.135556200
1525.760000000	-72.065322500
1525.780000000	-72.185440300
1525.800000000	-72.236948200
1525.820000000	-72.105497000
1525.840000000	-71.781355600
1525.860000000	-71.805739800
1525.880000000	-72.024849800
1525.900000000	-71.837023500
1525.920000000	-71.906438400
1525.940000000	-71.955192300
1525.960000000	-71.919443400
1525.980000000	-71.959561800
1526.000000000	-72.151555400
1526.020000000	-71.732105700
1526.040000000	-72.171906500
1526.060000000	-71.979460400
1526.080000000	-71.900011000
1526.100000000	-71.926680100
1526.120000000	-72.390662000
1526.140000000	-72.104928100
1526.160000000	-72.086520300
1526.180000000	-71.948835300
1526.200000000	-71.710637600
1526.220000000	-71.800472000
1526.240000000	-71.950980800
1526.260000000	-71.953232600
1526.280000000	-71.934347100
1526.300000000	-71.943851400
1526.320000000	-72.096593200
1526.340000000	-72.154883900
1526.360000000	-72.040369900
1526.380000000	-71.968414600
1526.400000000	-71.745143600
1526.420000000	-72.185113200
1526.440000000	-72.208246200
1526.460000000	-72.151038300
1526.480000000	-71.739461300
1526.500000000	-71.942070300
1526.520000000	-72.221130900
1526.540000000	-71.942041700
1526.560000000	-72.053714900
1526.580000000	-72.041267000
1526.600000000	-71.861104500
1526.620000000	-71.946030400
1526.640000000	-72.024957400
1526.660000000	-72.107983600
1526.680000000	-72.181843600
1526.700000000	-71.710072200
1526.720000000	-71.955875200
1526.740000000	-72.340442000
1526.760000000	-72.288035900
1526.780000000	-72.094993900
1526.800000000	-71.801761600
1526.820000000	-71.911303700
1526.840000000	-72.037582200
1526.860000000	-72.403560500
1526.880000000	-72.202577500
1526.900000000	-72.155299100
1526.920000000	-72.001517300
1526.940000000	-72.129558500
1526.960000000	-72.063544900
1526.980000000	-72.067353700
1527.000000000	-71.958621800
1527.020000000	-72.002022500
1527.040000000	-71.902869700
1527.060000000	-72.156601800
1527.080000000	-71.996479700
1527.100000000	-71.943670700
1527.120000000	-71.674244700
1527.140000000	-71.696069800
1527.160000000	-72.278659600
1527.180000000	-72.057011300
1527.200000000	-72.023756000
1527.220000000	-71.915014300
1527.240000000	-71.815273100
1527.260000000	-71.892811000
1527.280000000	-72.142371800
1527.300000000	-71.980443000
1527.320000000	-71.952053300
1527.340000000	-72.196076600
1527.360000000	-71.954449000
1527.380000000	-71.976633700
1527.400000000	-71.944504400
1527.420000000	-72.124914400
1527.440000000	-72.120819100
1527.460000000	-72.071274000
1527.480000000	-72.142637000
1527.500000000	-72.133553900
1527.520000000	-72.221687300
1527.540000000	-72.033507300
1527.560000000	-72.030357800
1527.580000000	-71.829247000
1527.600000000	-72.045242800
1527.620000000	-71.969082000
1527.640000000	-72.146555100
1527.660000000	-72.147060100
1527.680000000	-72.312761400
1527.700000000	-72.246000200
1527.720000000	-72.056635700
1527.740000000	-71.988807400
1527.760000000	-71.964092800
1527.780000000	-72.076607800
1527.800000000	-72.046277200
1527.820000000	-71.962830900
1527.840000000	-71.835931900
1527.860000000	-71.927454400
1527.880000000	-72.021107000
1527.900000000	-72.089597400
1527.920000000	-71.934685300
1527.940000000	-71.977526200
1527.960000000	-72.079436900
1527.980000000	-71.966611400
1528.000000000	-72.041951300
1528.020000000	-71.915395000
1528.040000000	-71.724106400
1528.060000000	-71.869259000
1528.080000000	-71.761127000
1528.100000000	-71.972973300
1528.120000000	-71.784079900
1528.140000000	-72.123738000
1528.160000000	-71.927554700
1528.180000000	-72.362834900
1528.200000000	-72.262928200
1528.220000000	-71.798496200
1528.240000000	-71.754485500
1528.260000000	-71.907273200
1528.280000000	-72.040987300
1528.300000000	-72.047625500
1528.320000000	-72.029371200
1528.340000000	-71.951568200
1528.360000000	-72.043940400
1528.380000000	-71.995714600
1528.400000000	-71.766086700
1528.420000000	-72.008962500
1528.440000000	-72.077576200
1528.460000000	-71.970033600
1528.480000000	-71.978636400
1528.500000000	-72.063429100
1528.520000000	-71.910040700
1528.540000000	-72.136321900
1528.560000000	-71.848162800
1528.580000000	-71.690037100
1528.600000000	-71.968512500
1528.620000000	-71.998155500
1528.640000000	-72.106477000
1528.660000000	-71.768725700
1528.680000000	-71.888159600
1528.700000000	-71.849004300
1528.720000000	-72.040937200
1528.740000000	-71.894577400
1528.760000000	-71.783004000
1528.780000000	-71.860651700
1528.800000000	-71.753471700
1528.820000000	-71.743086300
1528.840000000	-72.125516200
1528.860000000	-72.040505600
1528.880000000	-71.993044500
1528.900000000	-71.837574000
1528.920000000	-71.904227500
1528.940000000	-71.715274800
1528.960000000	-71.706233000
1528.980000000	-71.908770300
1529.000000000	-71.882193400
1529.020000000	-71.862460100
1529.040000000	-71.938121600
1529.060000000	-71.964187500
1529.080000000	-71.920566400
1529.100000000	-72.155339200
1529.120000000	-71.887514000
1529.140000000	-71.699086600
1529.160000000	-71.974197000
1529.180000000	-71.896616200
1529.200000000	-71.953739100
1529.220000000	-72.203348800
1529.240000000	-71.927827600
1529.260000000	-72.011884600
1529.280000000	-72.078917100
1529.300000000	-71.757874900
1529.320000000	-71.873813800
1529.340000000	-72.122714800
1529.360000000	-71.804301200
1529.380000000	-71.887776100
1529.400000000	-71.829197900
1529.420000000	-71.710046900
1529.440000000	-72.201151700
1529.460000000	-71.935878100
1529.480000000	-72.241823300
1529.500000000	-71.900405400
1529.520000000	-71.668162000
1529.540000000	-71.883502200
1529.560000000	-71.709088600
1529.580000000	-71.776773500
1529.600000000	-71.837838900
1529.620000000	-71.943528600
1529.640000000	-71.806943000
1529.660000000	-71.810979600
1529.680000000	-71.841792400
1529.700000000	-71.962296400
1529.720000000	-71.824248900
1529.740000000	-71.965891700
1529.760000000	-71.778278500
1529.780000000	-71.833852400
1529.800000000	-71.580393100
1529.820000000	-71.675917800
1529.840000000	-71.775557000
1529.860000000	-71.592504200
1529.880000000	-71.826577600
1529.900000000	-71.736337800
1529.920000000	-71.920248400
1529.940000000	-71.837282200
1529.960000000	-71.771724400
1529.980000000	-71.751257900
1530.000000000	-71.844390600
1530.020000000	-71.678597900
1530.040000000	-71.751696500
1530.060000000	-71.888087900
1530.080000000	-71.693929000
1530.100000000	-71.855279000
1530.120000000	-71.689348200
1530.140000000	-71.664120900
1530.160000000	-71.529378100
1530.180000000	-71.646388400
1530.200000000	-71.718038000
1530.220000000	-71.920229200
1530.240000000	-71.966022600
1530.260000000	-71.700288100
1530.280000000	-71.891165100
1530.300000000	-71.835945700
1530.320000000	-71.711726100
1530.340000000	-71.603774800
1530.360000000	-71.770601300
1530.380000000	-71.916605600
1530.400000000	-72.137361200
1530.420000000	-71.959014900
1530.440000000	-72.067612800
1530.460000000	-71.786767100
1530.480000000	-71.737627200
1530.500000000	-71.985359400
1530.520000000	-71.868569600
1530.540000000	-71.854086500
1530.560000000	-71.608541100
1530.580000000	-71.915829400
1530.600000000	-72.173701600
1530.620000000	-72.099768500
1530.640000000	-71.824312100
1530.660000000	-71.918691000
1530.680000000	-72.107009100
1530.700000000	-71.926636200
1530.720000000	-71.996693000
1530.740000000	-71.908362600
1530.760000000	-71.818769600
1530.780000000	-71.618752400
1530.800000000	-71.917534600
1530.820000000	-71.641922700
1530.840000000	-71.869079200
1530.860000000	-71.870179100
1530.880000000	-71.574919800
1530.900000000	-71.675709100
1530.920000000	-71.793651400
1530.940000000	-71.920768000
1530.960000000	-71.995563200
1530.980000000	-71.849243900
1531.000000000	-71.807089200
1531.020000000	-71.819431300
1531.040000000	-71.890409600
1531.060000000	-71.803850900
1531.080000000	-71.725439700
1531.100000000	-71.905849800
1531.120000000	-71.872469600
1531.140000000	-72.010148700
1531.160000000	-71.967225900
1531.180000000	-72.002773100
1531.200000000	-71.637027400
1531.220000000	-71.620259500
1531.240000000	-71.658602500
1531.260000000	-71.597170300
1531.280000000	-71.931649700
1531.300000000	-71.890963900
1531.320000000	-71.819970700
1531.340000000	-71.698031100
1531.360000000	-71.751263300
1531.380000000	-71.719795600
1531.400000000	-71.657338600
1531.420000000	-71.708512800
1531.440000000	-71.655560700
1531.460000000	-71.521087800
1531.480000000	-71.703863800
1531.500000000	-71.750753500
1531.520000000	-71.644434800
1531.540000000	-71.615272500
1531.560000000	-71.791020800
1531.580000000	-71.800455300
1531.600000000	-71.684868700
1531.620000000	-71.726617800
1531.640000000	-71.634427600
1531.660000000	-71.718172800
1531.680000000	-71.529734700
1531.700000000	-71.805444000
1531.720000000	-71.819026500
1531.740000000	-71.594919100
1531.760000000	-71.651120300
1531.780000000	-71.630659700
1531.800000000	-71.700967400
1531.820000000	-71.818328200
1531.840000000	-71.598832600
1531.860000000	-71.740732100
1531.880000000	-71.856955500
1531.900000000	-71.684805800
1531.920000000	-71.759853100
1531.940000000	-71.685943200
1531.960000000	-71.816274000
1531.980000000	-72.028106600
1532.000000000	-72.159902600
1532.020000000	-71.786747600
1532.040000000	-71.864793200
1532.060000000	-71.795427700
1532.080000000	-71.857371000
1532.100000000	-71.663593900
1532.120000000	-71.767687200
1532.140000000	-71.717721100
1532.160000000	-71.846445400
1532.180000000	-71.645337100
1532.200000000	-71.590039600
1532.220000000	-71.586422800
1532.240000000	-71.657930300
1532.260000000	-71.728998800
1532.280000000	-71.551799200
1532.300000000	-71.814059700
1532.320000000	-71.504932400
1532.340000000	-71.681760300
1532.360000000	-71.786729400
1532.380000000	-71.613468400
1532.400000000	-71.943492600
1532.420000000	-71.458683500
1532.440000000	-71.421410500
1532.460000000	-71.826792600
1532.480000000	-71.341196900
1532.500000000	-71.531100100
1532.520000000	-71.590714800
1532.540000000	-71.598438000
1532.560000000	-71.548298600
1532.580000000	-71.745407700
1532.600000000	-71.764304900
1532.620000000	-71.420172000
1532.640000000	-71.612845100
1532.660000000	-71.524093900
1532.680000000	-71.427121700
1532.700000000	-71.500605200
1532.720000000	-71.469944800
1532.740000000	-71.297525200
1532.760000000	-71.451602800
1532.780000000	-71.392762900
1532.800000000	-71.400425400
1532.820000000	-71.234592500
1532.840000000	-71.454821900
1532.860000000	-71.580204700
1532.880000000	-71.624479000
1532.900000000	-71.856289200
1532.920000000	-71.547882800
1532.940000000	-71.367721400
1532.960000000	-71.562902000
1532.980000000	-71.580962600
1533.000000000	-71.576827200
1533.020000000	-71.557442600
1533.040000000	-71.953476400
1533.060000000	-71.397699700
1533.080000000	-71.466724000
1533.100000000	-71.625991600
1533.120000000	-71.806488100
1533.140000000	-71.670732800
1533.160000000	-71.587355800
1533.180000000	-71.785441000
1533.200000000	-71.448681000
1533.220000000	-71.517653200
1533.240000000	-71.376671800
1533.260000000	-71.843439400
1533.280000000	-71.471790300
1533.300000000	-71.811444900
1533.320000000	-71.614617000
1533.340000000	-71.370219600
1533.360000000	-71.460684000
1533.380000000	-71.411027600
1533.400000000	-71.597656300
1533.420000000	-71.608802000
1533.440000000	-71.639942000
1533.460000000	-71.552202600
1533.480000000	-71.693634100
1533.500000000	-71.636129900
1533.520000000	-71.420134000
1533.540000000	-71.703717300
1533.560000000	-71.694024300
1533.580000000	-71.440000000
1533.600000000	-71.468472400
1533.620000000	-71.607173700
1533.640000000	-71.502092600
1533.660000000	-71.235718800
1533.680000000	-71.463914000
1533.700000000	-71.309499900
1533.720000000	-71.711338400
1533.740000000	-71.515878600
1533.760000000	-71.713840300
1533.780000000	-71.355445700
1533.800000000	-71.743226000
1533.820000000	-71.651606100
1533.840000000	-71.462206800
1533.860000000	-71.622502000
1533.880000000	-71.698031300
1533.900000000	-71.466312700
1533.920000000	-71.339870400
1533.940000000	-71.453808500
1533.960000000	-71.427771800
1533.980000000	-71.333111300
1534.000000000	-71.398030600
1534.020000000	-71.587725500
1534.040000000	-71.565591200
1534.060000000	-71.504461300
1534.080000000	-71.608243300
1534.100000000	-71.303366200
1534.120000000	-71.413626300
1534.140000000	-71.338145500
1534.160000000	-71.333421400
1534.180000000	-71.485994600
1534.200000000	-71.311869100
1534.220000000	-71.443110900
1534.240000000	-71.421709300
1534.260000000	-71.650685900
1534.280000000	-71.376366000
1534.300000000	-71.424987400
1534.320000000	-71.697670500
1534.340000000	-71.463327000
1534.360000000	-71.372836600
1534.380000000	-71.499061100
1534.400000000	-71.499841200
1534.420000000	-71.381655300
1534.440000000	-71.272819200
1534.460000000	-71.384661000
1534.480000000	-71.641410400
1534.500000000	-71.246138000
1534.520000000	-71.088971600
1534.540000000	-71.385687000
1534.560000000	-71.278260400
1534.580000000	-71.384827600
1534.600000000	-71.221614100
1534.620000000	-71.450446500
1534.640000000	-71.503325300
1534.660000000	-71.583954600
1534.680000000	-71.288269600
1534.700000000	-71.342007200
1534.720000000	-71.311078300
1534.740000000	-71.269903100
1534.760000000	-71.603761500
1534.780000000	-71.284318400
1534.800000000	-71.454260600
1534.820000000	-71.382881400
1534.840000000	-71.397451200
1534.860000000	-71.351723500
1534.880000000	-71.554884600
1534.900000000	-71.407379200
1534.920000000	-71.554567400
1534.940000000	-71.199686000
1534.960000000	-71.544752700
1534.980000000	-71.122689700
1535.000000000	-71.400769000
1535.020000000	-71.505622000
1535.040000000	-71.467767200
1535.060000000	-71.372353700
1535.080000000	-71.154380300
1535.100000000	-71.310800200
1535.120000000	-71.410588300
1535.140000000	-71.246374400
1535.160000000	-71.307975800
1535.180000000	-71.221871900
1535.200000000	-71.270759900
1535.220000000	-71.321529000
1535.240000000	-71.551065600
1535.260000000	-71.400398000
1535.280000000	-71.407366500
1535.300000000	-71.386658700
1535.320000000	-71.144956200
1535.340000000	-71.276639600
1535.360000000	-71.269935000
1535.380000000	-71.174402900
1535.400000000	-70.893264600
1535.420000000	-71.057622900
1535.440000000	-71.312731800
1535.460000000	-71.646027400
1535.480000000	-71.393559400
1535.500000000	-71.254045600
1535.520000000	-71.289739700
1535.540000000	-71.293968900
1535.560000000	-71.458675200
1535.580000000	-71.441493400
1535.600000000	-71.465658100
1535.620000000	-71.265386800
1535.640000000	-71.419275000
1535.660000000	-71.454348600
1535.680000000	-71.431293300
1535.700000000	-71.275520000
1535.720000000	-71.369122200
1535.740000000	-71.457722000
1535.760000000	-71.046739400
1535.780000000	-71.485074000
1535.800000000	-71.200706600
1535.820000000	-71.304342400
1535.840000000	-71.482096300
1535.860000000	-71.437981300
1535.880000000	-71.229002800
1535.900000000	-71.298388300
1535.920000000	-71.433488900
1535.940000000	-71.242362800
1535.960000000	-71.153092200
1535.980000000	-71.238389700
1536.000000000	-71.218242500
1536.020000000	-71.260883600
1536.040000000	-70.934492400
1536.060000000	-71.172112800
1536.080000000	-71.198957600
1536.100000000	-71.142399400
1536.120000000	-71.335581200
1536.140000000	-71.278074700
1536.160000000	-71.208540900
1536.180000000	-71.033847900
1536.200000000	-71.420361100
1536.220000000	-71.409237000
1536.240000000	-71.221444800
1536.260000000	-71.215710100
1536.280000000	-71.061162700
1536.300000000	-71.280847700
1536.320000000	-71.014187600
1536.340000000	-71.205026700
1536.360000000	-71.179941900
1536.380000000	-71.251126500
1536.400000000	-71.145630400
1536.420000000	-70.975024900
1536.440000000	-71.280858500
1536.460000000	-71.252392200
1536.480000000	-71.269198800
1536.500000000	-71.402192600
1536.520000000	-71.114015600
1536.540000000	-71.082788500
1536.560000000	-71.153814900
1536.580000000	-70.948680600
1536.600000000	-71.065594900
1536.620000000	-71.096200500
1536.640000000	-71.034160100
1536.660000000	-71.075584700
1536.680000000	-71.072273900
1536.700000000	-70.990302900
1536.720000000	-71.124881900
1536.740000000	-71.232280700
1536.760000000	-71.150395300
1536.780000000	-71.028434300
1536.800000000	-71.262250800
1536.820000000	-71.106565400
1536.840000000	-71.193353300
1536.860000000	-71.200826000
1536.880000000	-71.021310500
1536.900000000	-70.953847000
1536.920000000	-70.986595300
1536.940000000	-71.000715500
1536.960000000	-71.203920300
1536.980000000	-71.159691300
1537.000000000	-71.071189800
1537.020000000	-70.998636900
1537.040000000	-70.921511200
1537.060000000	-70.930687100
1537.080000000	-71.132837000
1537.100000000	-70.991104300
1537.120000000	-70.926254600
1537.140000000	-71.096600500
1537.160000000	-70.905454800
1537.180000000	-71.073953000
1537.200000000	-71.278799400
1537.220000000	-71.064056400
1537.240000000	-71.284471200
1537.260000000	-71.035781400
1537.280000000	-71.072241600
1537.300000000	-71.192741200
1537.320000000	-71.331109500
1537.340000000	-71.041412200
1537.360000000	-70.919239700
1537.380000000	-70.823390500
1537.400000000	-71.106760500
1537.420000000	-71.100729300
1537.440000000	-71.067870800
1537.460000000	-71.055590800
1537.480000000	-70.774214300
1537.500000000	-70.736761200
1537.520000000	-70.876389000
1537.540000000	-70.969678500
1537.560000000	-71.184956900
1537.580000000	-71.091998200
1537.600000000	-70.959137900
1537.620000000	-70.745455100
1537.640000000	-70.855347400
1537.660000000	-71.036335300
1537.680000000	-71.182216900
1537.700000000	-71.183038300
1537.720000000	-71.208426500
1537.740000000	-71.017255300
1537.760000000	-71.050131600
1537.780000000	-70.771247900
1537.800000000	-70.914204000
1537.820000000	-70.908963700
1537.840000000	-70.849884900
1537.860000000	-70.846835000
1537.880000000	-70.953944100
1537.900000000	-70.857880800
1537.920000000	-70.963189900
1537.940000000	-71.019120600
1537.960000000	-71.115180400
1537.980000000	-70.947588000
1538.000000000	-70.753382700
1538.020000000	-71.100225800
1538.040000000	-70.957338500
1538.060000000	-71.090413600
1538.080000000	-71.094552800
1538.100000000	-70.949425900
1538.120000000	-70.789898400
1538.140000000	-71.133266300
1538.160000000	-70.904774500
1538.180000000	-71.172930000
1538.200000000	-70.938773900
1538.220000000	-70.979288600
1538.240000000	-70.912677300
1538.260000000	-70.887953900
1538.280000000	-70.711979900
1538.300000000	-70.897438700
1538.320000000	-70.942692800
1538.340000000	-71.147127900
1538.360000000	-70.993335400
1538.380000000	-70.884365900
1538.400000000	-71.015364000
1538.420000000	-71.088420800
1538.440000000	-70.907287500
1538.460000000	-71.049550400
1538.480000000	-70.987586200
1538.500000000	-70.996274700
1538.520000000	-71.066098200
1538.540000000	-70.801477800
1538.560000000	-71.160870200
1538.580000000	-70.846482300
1538.600000000	-70.895173000
1538.620000000	-71.018658900
1538.640000000	-70.816606900
1538.660000000	-70.939114600
1538.680000000	-71.011992100
1538.700000000	-70.910191100
1538.720000000	-71.015409200
1538.740000000	-70.827595300
1538.760000000	-71.004986500
1538.780000000	-70.986672400
1538.800000000	-70.825166500
1538.820000000	-70.651773500
1538.840000000	-70.875339600
1538.860000000	-70.788208500
1538.880000000	-70.697286300
1538.900000000	-70.904829100
1538.920000000	-70.841156400
1538.940000000	-70.763752800
1538.960000000	-70.786078800
1538.980000000	-70.672991700
1539.000000000	-70.828554800
1539.020000000	-70.910154800
1539.040000000	-70.893064100
1539.060000000	-70.989233300
1539.080000000	-70.968982500
1539.100000000	-70.911687000
1539.120000000	-70.906525400
1539.140000000	-70.718567400
1539.160000000	-70.869381700
1539.180000000	-70.620075100
1539.200000000	-70.929954100
1539.220000000	-70.785558100
1539.240000000	-70.737833900
1539.260000000	-70.691683900
1539.280000000	-70.773691600
1539.300000000	-70.740743600
1539.320000000	-70.736135200
1539.340000000	-70.653813400
1539.360000000	-70.677311000
1539.380000000	-70.763408900
1539.400000000	-70.702329200
1539.420000000	-70.574516100
1539.440000000	-70.711033200
1539.460000000	-70.801748100
1539.480000000	-70.853769800
1539.500000000	-70.714105700
1539.520000000	-70.742671600
1539.540000000	-70.670919300
1539.560000000	-70.658017900
1539.580000000	-70.676078500
1539.600000000	-70.924327900
1539.620000000	-70.767662700
1539.640000000	-70.897164000
1539.660000000	-70.600925600
1539.680000000	-70.723058800
1539.700000000	-70.833058900
1539.720000000	-70.636824700
1539.740000000	-70.596981600
1539.760000000	-70.612220300
1539.780000000	-70.713848600
1539.800000000	-70.657974600
1539.820000000	-70.681204600
1539.840000000	-70.536278100
1539.860000000	-70.531372900
1539.880000000	-70.758542200
1539.900000000	-70.860692300
1539.920000000	-70.644921200
1539.940000000	-70.406567800
1539.960000000	-70.559942300
1539.980000000	-70.639911100
1540.000000000	-70.698151700
1540.020000000	-70.884586200
1540.040000000	-70.653902500
1540.060000000	-70.670867100
1540.080000000	-70.588028800
1540.100000000	-70.728344700
1540.120000000	-70.812020500
1540.140000000	-70.782252100
1540.160000000	-70.520371400
1540.180000000	-70.673639500
1540.200000000	-70.708017000
1540.220000000	-70.560547500
1540.240000000	-70.456969400
1540.260000000	-70.694461400
1540.280000000	-70.710578500
1540.300000000	-70.409725000
1540.320000000	-70.566607800
1540.340000000	-70.853941700
1540.360000000	-70.560250000
1540.380000000	-70.868086800
1540.400000000	-70.351776300
1540.420000000	-70.531133000
1540.440000000	-70.632690500
1540.460000000	-70.565246000
1540.480000000	-70.556783500
1540.500000000	-70.640995800
1540.520000000	-70.630916500
1540.540000000	-70.605974900
1540.560000000	-70.694550100
1540.580000000	-70.663074600
1540.600000000	-70.698451600
1540.620000000	-70.553169400
1540.640000000	-70.566889900
1540.660000000	-70.544511600
1540.680000000	-70.580785700
1540.700000000	-70.796579500
1540.720000000	-70.259704300
1540.740000000	-70.378353200
1540.760000000	-70.346399700
1540.780000000	-70.691930400
1540.800000000	-70.623482200
1540.820000000	-70.512096200
1540.840000000	-70.703654500
1540.860000000	-70.895115700
1540.880000000	-70.739657400
1540.900000000	-70.669352300
1540.920000000	-70.484267500
1540.940000000	-70.638425700
1540.960000000	-70.328282600
1540.980000000	-70.499839200
1541.000000000	-70.485392800
1541.020000000	-70.617914300
1541.040000000	-70.620031400
1541.060000000	-70.367280000
1541.080000000	-70.602920100
1541.100000000	-70.457476800
1541.120000000	-70.471823300
1541.140000000	-70.735739800
1541.160000000	-70.510244500
1541.180000000	-70.546093100
1541.200000000	-70.597037700
1541.220000000	-70.489248300
1541.240000000	-70.734762600
1541.260000000	-70.623881300
1541.280000000	-70.477343400
1541.300000000	-70.533132100
1541.320000000	-70.637736400
1541.340000000	-70.389918500
1541.360000000	-70.418856000
1541.380000000	-70.615519400
1541.400000000	-70.498454400
1541.420000000	-70.557714400
1541.440000000	-70.594198900
1541.460000000	-70.494613100
1541.480000000	-70.479779900
1541.500000000	-70.516209700
1541.520000000	-70.742690400
1541.540000000	-70.625852200
1541.560000000	-70.772076500
1541.580000000	-70.519857700
1541.600000000	-70.605061700
1541.620000000	-70.631473000
1541.640000000	-70.551934400
1541.660000000	-70.578078200
1541.680000000	-70.503216200
1541.700000000	-70.560124500
1541.720000000	-70.510456600
1541.740000000	-70.435462100
1541.760000000	-70.638291500
1541.780000000	-70.560950500
1541.800000000	-70.267210000
1541.820000000	-70.621704000
1541.840000000	-70.592706700
1541.860000000	-70.610720000
1541.880000000	-70.525482300
1541.900000000	-70.271927900
1541.920000000	-70.473548600
1541.940000000	-70.377181100
1541.960000000	-70.462239300
1541.980000000	-70.566720800
1542.000000000	-70.428376800
1542.020000000	-70.289913400
1542.040000000	-70.100608200
1542.060000000	-70.491513400
1542.080000000	-70.486488300
1542.100000000	-70.236947100
1542.120000000	-70.284838200
1542.140000000	-70.583328600
1542.160000000	-70.567722500
1542.180000000	-70.333619400
1542.200000000	-69.968326600
1542.220000000	-70.488050300
1542.240000000	-70.701238700
1542.260000000	-70.416204600
1542.280000000	-70.171107000
1542.300000000	-70.486065400
1542.320000000	-70.560277200
1542.340000000	-70.286874500
1542.360000000	-70.167936800
1542.380000000	-70.360866200
1542.400000000	-70.437196300
1542.420000000	-70.279143600
1542.440000000	-70.486088500
1542.460000000	-70.422919000
1542.480000000	-70.308918400
1542.500000000	-70.369129900
1542.520000000	-70.283252100
1542.540000000	-70.298108200
1542.560000000	-70.223169900
1542.580000000	-70.385068400
1542.600000000	-70.315549000
1542.620000000	-70.396613200
1542.640000000	-70.220623500
1542.660000000	-70.329842500
1542.680000000	-70.122097800
1542.700000000	-70.166510800
1542.720000000	-70.300534200
1542.740000000	-70.187793500
1542.760000000	-70.422735100
1542.780000000	-70.336656400
1542.800000000	-70.238409600
1542.820000000	-70.118717100
1542.840000000	-70.525391700
1542.860000000	-70.294390600
1542.880000000	-70.299518700
1542.900000000	-70.538735900
1542.920000000	-70.238318200
1542.940000000	-70.451475100
1542.960000000	-70.109078000
1542.980000000	-70.464595800
1543.000000000	-70.506332600
1543.020000000	-70.216243000
1543.040000000	-70.292119900
1543.060000000	-70.336574500
1543.080000000	-69.988493900
1543.100000000	-70.100042400
1543.120000000	-70.145405400
1543.140000000	-70.045670900
1543.160000000	-70.235062200
1543.180000000	-70.283789400
1543.200000000	-70.253553600
1543.220000000	-70.244592400
1543.240000000	-70.008502500
1543.260000000	-69.954277000
1543.280000000	-69.942660700
1543.300000000	-70.064618900
1543.320000000	-70.200893000
1543.340000000	-70.261713500
1543.360000000	-69.996090400
1543.380000000	-69.933211800
1543.400000000	-70.363546100
1543.420000000	-70.229410900
1543.440000000	-70.212226800
1543.460000000	-70.255894400
1543.480000000	-70.036066000
1543.500000000	-70.211544600
1543.520000000	-70.107519700
1543.540000000	-70.042591900
1543.560000000	-70.209786900
1543.580000000	-70.242369400
1543.600000000	-70.207191200
1543.620000000	-70.090205500
1543.640000000	-70.326034400
1543.660000000	-70.181249100
1543.680000000	-70.359943700
1543.700000000	-70.243957600
1543.720000000	-70.397148100
1543.740000000	-70.310491300
1543.760000000	-70.505793300
1543.780000000	-70.203248000
1543.800000000	-70.188781000
1543.820000000	-70.430552600
1543.840000000	-70.140352200
1543.860000000	-70.389088300
1543.880000000	-70.446300600
1543.900000000	-70.265266900
1543.920000000	-70.194896000
1543.940000000	-70.206080700
1543.960000000	-70.147300800
1543.980000000	-70.228306000
1544.000000000	-70.361313300
1544.020000000	-70.329682000
1544.040000000	-70.326047400
1544.060000000	-70.271366100
1544.080000000	-70.322979000
1544.100000000	-70.262189800
1544.120000000	-70.202699200
1544.140000000	-70.199652200
1544.160000000	-70.151457400
1544.180000000	-70.171730400
1544.200000000	-70.043235000
1544.220000000	-70.327314900
1544.240000000	-70.162209100
1544.260000000	-70.242475000
1544.280000000	-69.988287000
1544.300000000	-70.102553400
1544.320000000	-69.903630500
1544.340000000	-70.201719200
1544.360000000	-70.122006300
1544.380000000	-70.081023800
1544.400000000	-70.207085000
1544.420000000	-70.179458500
1544.440000000	-70.003399100
1544.460000000	-70.241913500
1544.480000000	-70.035385200
1544.500000000	-70.147670500
1544.520000000	-70.010328500
1544.540000000	-70.026678600
1544.560000000	-70.061511700
1544.580000000	-70.223635500
1544.600000000	-70.081163300
1544.620000000	-70.061260800
1544.640000000	-70.175525900
1544.660000000	-69.945659500
1544.680000000	-70.031056400
1544.700000000	-70.076275300
1544.720000000	-70.024959900
1544.740000000	-70.021743600
1544.760000000	-69.989177900
1544.780000000	-70.226672500
1544.800000000	-70.035238100
1544.820000000	-70.093638300
1544.840000000	-70.163957000
1544.860000000	-69.993647700
1544.880000000	-70.042924700
1544.900000000	-69.908780100
1544.920000000	-70.078959500
1544.940000000	-70.201190700
1544.960000000	-69.999050800
1544.980000000	-70.034321200
1545.000000000	-69.983526800
1545.020000000	-70.262056900
1545.040000000	-70.176538000
1545.060000000	-70.234706000
1545.080000000	-70.085458500
1545.100000000	-69.925750500
1545.120000000	-69.988027500
1545.140000000	-70.053098100
1545.160000000	-70.135668800
1545.180000000	-70.071908800
1545.200000000	-69.982368700
1545.220000000	-70.155806100
1545.240000000	-69.844857400
1545.260000000	-69.668458300
1545.280000000	-69.963886600
1545.300000000	-70.072219700
1545.320000000	-70.150962200
1545.340000000	-69.935576300
1545.360000000	-70.079584100
1545.380000000	-69.871183400
1545.400000000	-70.095323600
1545.420000000	-69.962446700
1545.440000000	-70.029307200
1545.460000000	-69.944061300
1545.480000000	-69.857433800
1545.500000000	-70.218524200
1545.520000000	-70.101553300
1545.540000000	-70.106883000
1545.560000000	-70.266207800
1545.580000000	-69.927501800
1545.600000000	-70.036430400
1545.620000000	-70.089493500
1545.640000000	-69.845220500
1545.660000000	-70.080649000
1545.680000000	-69.807807600
1545.700000000	-70.051132500
1545.720000000	-70.142735000
1545.740000000	-70.180632300
1545.760000000	-69.820956600
1545.780000000	-69.800815700
1545.800000000	-69.922364900
1545.820000000	-70.225379200
1545.840000000	-70.015945500
1545.860000000	-69.892210000
1545.880000000	-69.988327700
1545.900000000	-70.152227700
1545.920000000	-69.913757600
1545.940000000	-69.897446400
1545.960000000	-69.999248800
1545.980000000	-70.058105000
1546.000000000	-69.864760700
1546.020000000	-70.042003000
1546.040000000	-69.932653300
1546.060000000	-69.889278300
1546.080000000	-69.755353700
1546.100000000	-69.639223200
1546.120000000	-69.822533600
1546.140000000	-69.727886800
1546.160000000	-69.920891100
1546.180000000	-69.786206600
1546.200000000	-69.967680100
1546.220000000	-70.036191500
1546.240000000	-69.877122200
1546.260000000	-69.893323200
1546.280000000	-69.860342500
1546.300000000	-69.912428900
1546.320000000	-70.046221500
1546.340000000	-69.951580000
1546.360000000	-69.904074900
1546.380000000	-69.964279800
1546.400000000	-70.108002200
1546.420000000	-69.945343600
1546.440000000	-69.659713600
1546.460000000	-69.719948700
1546.480000000	-69.992968000
1546.500000000	-69.943606500
1546.520000000	-70.074007900
1546.540000000	-69.901134700
1546.560000000	-69.701952300
1546.580000000	-69.677388500
1546.600000000	-69.800070900
1546.620000000	-69.828448400
1546.640000000	-70.070446600
1546.660000000	-69.905263800
1546.680000000	-69.713668800
1546.700000000	-69.857056300
1546.720000000	-69.752981800
1546.740000000	-69.737349900
1546.760000000	-69.992359200
1546.780000000	-69.726222800
1546.800000000	-69.906773500
1546.820000000	-69.656808200
1546.840000000	-69.830901700
1546.860000000	-69.816083100
1546.880000000	-69.680995400
1546.900000000	-69.686302800
1546.920000000	-69.832527400
1546.940000000	-69.825292000
1546.960000000	-69.567768300
1546.980000000	-69.913676400
1547.000000000	-69.695924100
1547.020000000	-69.809270600
1547.040000000	-69.935135600
1547.060000000	-69.657869900
1547.080000000	-69.835454900
1547.100000000	-69.735312200
1547.120000000	-69.844964800
1547.140000000	-69.826526100
1547.160000000	-69.697981500
1547.180000000	-69.710172300
1547.200000000	-69.719982600
1547.220000000	-69.901882600
1547.240000000	-69.934592300
1547.260000000	-69.770164500
1547.280000000	-69.562617400
1547.300000000	-69.893491800
1547.320000000	-69.610662300
1547.340000000	-69.519848500
1547.360000000	-69.764364800
1547.380000000	-69.799751900
1547.400000000	-69.941019400
1547.420000000	-69.782712300
1547.440000000	-69.899397400
1547.460000000	-69.912258500
1547.480000000	-69.895763800
1547.500000000	-69.690510900
1547.520000000	-69.682368300
1547.540000000	-69.695085400
1547.560000000	-69.723838700
1547.580000000	-69.765960700
1547.600000000	-69.763312700
1547.620000000	-69.699837900
1547.640000000	-69.865139500
1547.660000000	-69.583318400
1547.680000000	-69.704299500
1547.700000000	-69.934398500
1547.720000000	-69.750765200
1547.740000000	-69.699149300
1547.760000000	-69.694609600
1547.780000000	-69.665814200
1547.800000000	-69.984735000
1547.820000000	-69.758280000
1547.840000000	-69.524120200
1547.860000000	-69.686332400
1547.880000000	-69.931640300
1547.900000000	-69.679251900
1547.920000000	-69.725643500
1547.940000000	-69.902474500
1547.960000000	-69.885820800
1547.980000000	-69.818590600
1548.000000000	-70.019800600
1548.020000000	-69.929789700
1548.040000000	-69.692776400
1548.060000000	-69.749605900
1548.080000000	-69.958694000
1548.100000000	-69.797754700
1548.120000000	-69.842048000
1548.140000000	-69.912135800
1548.160000000	-69.722897900
1548.180000000	-69.553682900
1548.200000000	-69.654208500
1548.220000000	-69.685590100
1548.240000000	-69.818382300
1548.260000000	-69.704009300
1548.280000000	-69.703458100
1548.300000000	-69.751865400
1548.320000000	-69.657850300
1548.340000000	-69.714398000
1548.360000000	-69.990674200
1548.380000000	-69.884293900
1548.400000000	-69.951728700
1548.420000000	-69.724650200
1548.440000000	-69.762527600
1548.460000000	-69.652305500
1548.480000000	-69.735648000
1548.500000000	-69.730025700
1548.520000000	-69.642650900
1548.540000000	-69.626226200
1548.560000000	-69.572057500
1548.580000000	-69.789577400
1548.600000000	-69.786403300
1548.620000000	-69.866961200
1548.640000000	-69.624293100
1548.660000000	-69.806059200
1548.680000000	-69.818264400
1548.700000000	-69.660989200
1548.720000000	-69.864786700
1548.740000000	-69.737543400
1548.760000000	-69.527817900
1548.780000000	-69.712984200
1548.800000000	-69.667386300
1548.820000000	-69.849723600
1548.840000000	-69.639650900
1548.860000000	-69.626904200
1548.880000000	-69.867676600
1548.900000000	-69.850229300
1548.920000000	-69.683084700
1548.940000000	-69.583830300
1548.960000000	-69.673277400
1548.980000000	-69.716776600
1549.000000000	-69.611108000
1549.020000000	-69.775828400
1549.040000000	-69.663894600
1549.060000000	-69.743260400
1549.080000000	-69.633830700
1549.100000000	-69.231834600
1549.120000000	-69.707298800
1549.140000000	-69.684666400
1549.160000000	-69.558254100
1549.180000000	-69.619229700
1549.200000000	-69.675113800
1549.220000000	-69.670979700
1549.240000000	-69.780318900
1549.260000000	-69.708901100
1549.280000000	-69.565390800
1549.300000000	-69.764758600
1549.320000000	-69.775895900
1549.340000000	-69.527418500
1549.360000000	-69.552639300
1549.380000000	-69.750062000
1549.400000000	-69.564269400
1549.420000000	-69.387828100
1549.440000000	-69.551849300
1549.460000000	-69.490371500
1549.480000000	-69.676096400
1549.500000000	-69.368975900
1549.520000000	-69.661600700
1549.540000000	-69.534845200
1549.560000000	-69.651390800
1549.580000000	-69.686824200
1549.600000000	-69.521926500
1549.620000000	-69.686953200
1549.640000000	-69.528411500
1549.660000000	-69.521413800
1549.680000000	-69.768423800
1549.700000000	-69.633848400
1549.720000000	-69.725364900
1549.740000000	-69.572188600
1549.760000000	-69.602738600
1549.780000000	-69.890652000
1549.800000000	-69.727201500
1549.820000000	-69.451416600
1549.840000000	-69.588719600
1549.860000000	-69.811756400
1549.880000000	-69.587697000
1549.900000000	-69.584471500
1549.920000000	-69.663244100
1549.940000000	-69.705120500
1549.960000000	-69.568733000
1549.980000000	-69.506002400
1550.000000000	-69.405970100
