-38.391
-38.315
-38.362
-38.268
-38.451
-38.368
-38.428
-38.421
-38.248
-38.449
-38.322
-38.272
-38.451
-38.351
-38.317
-38.32
-38.357
-38.183
-38.279
-38.288
-38.315
-38.357
-38.426
-38.265
-38.303
-38.316
-38.331
-38.359
-38.311
-38.226
-38.219
-38.366
-38.291
-38.182
-38.308
-38.296
-38.29
-38.335
-38.266
-38.351
-38.485
-38.285
-38.358
-38.266
-38.313
-38.245
-38.251
-38.416
-38.531
-38.51
-38.375
-38.266
-38.265
-38.39
-38.361
-38.355
-38.478
-38.294
-38.504
-38.326
-38.317
-38.437
-38.177
-38.33
-38.25
-38.454
-38.343
-38.313
-38.367
-38.302
-38.236
-38.365
-38.259
-38.209
-38.438
-38.205
-38.19
-38.22
-38.298
-38.284
-38.164
-38.153
-38.238
-38.102
-38.343
-38.221
-38.167
-38.374
-38.259
-38.311
-38.348
-38.438
-38.308
-38.419
-38.458
-38.344
-38.031
-38.299
-38.173
-38.445
-38.413
-38.266
-38.296
-38.344
-38.318
-38.249
-38.291
-38.251
-38.377
-38.259
-38.43
-38.237
-38.141
-38.26
-38.302
-38.307
-38.216
-38.257
-38.213
-38.225
-38.201
-38.3
-38.219
-38.41
-38.393
-38.245
-38.274
-38.169
-37.983
-38.416
-38.283
-38.132
-38.304
-38.308
-38.304
-38.313
-38.38
-38.243
-38.309
-38.347
-38.245
-38.305
-38.226
-38.347
-38.34
-38.459
-38.244
-38.363
-38.205
-38.259
-38.263
-38.308
-38.29
-38.228
-38.307
-38.201
-38.284
-38.208
-38.163
-38.331
-38.293
-38.389
-38.469
-38.271
-38.258
-38.303
-38.473
-38.237
-38.427
-38.318
-38.353
-38.16
-38.143
-38.335
-38.265
-38.339
-38.18
-38.244
-38.293
-38.199
-38.278
-38.195
-38.42
-38.32
-38.377
-38.27
-38.23
-38.165
-38.42
-38.44
-38.326
-38.403
-38.17
-38.18
-38.112
-38.017
-38.198
-38.321
-38.355
-38.35
-38.289
-38.378
-38.321
-38.293
-38.351
-38.354
-38.25
-38.224
-38.151
-38.202
-38.287
-38.342
-38.171
-38.265
-38.314
-38.305
-38.363
-38.282
-38.286
-38.119
-38.184
-38.302
-38.377
-38.271
-38.171
-38.1
-38.254
-38.243
-38.007
-38.264
-38.23
-38.212
-38.292
-38.336
-38.312
-38.305
-38.412
-38.316
-38.253
-38.33
-38.263
-38.412
-38.268
-38.227
-38.392
-38.347
-38.196
-38.401
-38.229
-38.203
-38.325
-38.201
-38.481
-38.248
-38.287
-38.154
-38.344
-38.312
-38.413
-38.241
-38.354
-38.231
-38.349
-38.257
-38.405
-38.245
-38.252
-38.272
-38.329
-38.192
-38.258
-38.28
-38.4
-38.307
-38.261
-38.297
-38.328
-38.203
-38.164
-38.214
-38.278
-38.317
-38.279
-38.322
-38.349
-38.286
-38.437
-38.329
-38.322
-38.403
-38.216
-37.983
-38.3
-38.426
-38.372
-38.369
-38.227
-38.183
-38.259
-38.272
-38.303
-38.309
-38.181
-38.191
-38.111
-38.403
-38.43
-38.19
-38.154
-38.164
-38.118
-38.157
-38.12
-38.205
-38.253
-38.384
-38.368
-38.325
-38.289
-38.26
-38.388
-38.467
-38.295
-38.337
-38.132
-38.161
-38.31
-38.395
-38.162
-38.252
-38.219
-38.263
-38.152
-38.049
-38.383
-38.343
-38.278
-38.251
-38.34
-38.369
-38.236
-38.246
-38.206
-38.302
-38.375
-38.336
-38.327
-38.375
-38.319
-38.11
-38.395
-38.156
-38.39
-38.327
-38.279
-38.259
-38.326
-38.3
-38.385
-38.339
-38.305
-38.201
-38.302
-38.313
-38.245
-38.117
-38.186
-38.302
-38.319
-38.255
-38.117
-38.356
-38.37
-38.313
-38.284
-38.315
-38.204
-38.27
-38.146
-38.338
-38.248
-38.104
-38.347
-38.253
-38.271
-38.31
-38.227
-38.29
-38.373
-38.261
-38.275
-38.128
-38.301
-38.239
-38.298
-38.025
-38.222
-38.24
-38.465
-38.495
-38.352
-38.387
-38.254
-38.341
-38.242
-38.245
-38.427
-38.507
-38.361
-38.375
-38.335
-38.264
-38.318
-38.296
-38.259
-38.368
-38.221
-38.366
-38.264
-38.341
-38.286
-38.283
-38.384
-38.209
-38.252
-38.303
-38.264
-38.238
-38.204
-38.236
-38.342
-38.16
-38.381
-38.356
-38.265
-38.208
-38.435
-38.248
-38.258
-38.341
-38.401
-38.451
-38.207
-38.287
-38.338
-38.331
-38.17
-38.418
-38.345
-38.385
-38.405
-38.296
-38.338
-38.347
-38.327
-38.29
-38.323
-38.363
-38.244
-38.4
-38.318
-38.414
-38.315
-38.142
-38.413
-38.174
-38.209
-38.356
-38.255
-38.398
-38.359
-38.431
-38.393
-38.199
-38.373
-38.319
-38.185
-38.433
-38.431
-38.35
-38.335
-38.511
-38.413
-38.427
-38.51
-38.171
-38.223
-38.343
-38.336
-38.316
-38.306
-38.403
-38.38
-38.353
-38.316
-38.163
-38.307
-38.202
-38.249
-38.198
-38.274
-38.199
-38.226
-38.491
-38.272
-38.192
-38.196
-38.395
-38.362
-38.282
-38.229
-38.437
-38.468
-38.483
-38.293
-38.277
-38.209
-38.365
-38.288
-38.196
-38.33
-38.41
-38.221
-38.22
-38.266
-38.26
-38.224
-38.438
-38.373
-38.294
-38.214
-38.349
-38.293
-38.268
-38.167
-38.225
-38.259
-38.297
-38.469
-38.445
-38.359
-38.464
-38.304
-38.352
-38.221
-38.257
-38.22
-38.294
-38.291
-38.234
-38.388
-38.468
-38.335
-38.309
-38.273
-38.303
-38.518
-38.167
-38.228
-38.347
-38.389
-38.313
-38.253
-38.21
-38.273
-38.315
-38.297
-38.332
-38.434
-38.392
-38.275
-38.23
-38.28
-38.32
-38.377
-38.339
-38.341
-38.319
-38.337
-38.292
-38.36
-38.162
-38.277
-38.192
-38.274
-38.281
-38.178
-38.264
-38.373
-38.403
-38.294
-38.221
-38.086
-38.093
-38.184
-38.46
-38.241
-38.184
-38.181
-38.414
-38.244
-38.394
-38.291
-38.308
-38.252
-38.272
-38.184
-38.248
-38.358
-38.318
-38.341
-38.223
-38.269
-38.478
-38.256
-38.304
-38.197
-38.307
-38.382
-38.21
-38.271
-38.353
-38.299
-38.367
-38.411
-38.255
-38.367
-38.377
-38.189
-38.426
-38.271
-38.183
-38.265
-38.387
-38.33
-38.202
-38.293
-38.484
-38.243
-38.184
-38.22
-38.106
-38.114
-38.189
-38.409
-38.315
-38.495
-38.111
-38.206
-38.352
-38.476
-38.266
-38.355
-38.439
-38.372
-38.357
-38.131
-38.258
-38.345
-38.304
-38.126
-38.382
-38.369
-38.442
-38.428
-38.381
-38.413
-38.289
-38.308
-38.331
-38.333
-38.335
-38.392
-38.273
-38.319
-38.427
-38.333
-38.417
-38.336
-38.29
-38.172
-38.244
-38.211
-38.26
-38.352
-38.258
-38.332
-38.234
-38.371
-38.364
-38.288
-38.4
-38.325
-38.281
-38.215
-38.344
-38.266
-38.397
-38.422
-38.24
-38.313
-38.347
-38.369
-38.377
-38.366
-38.227
-38.215
-38.265
-38.348
-38.411
-38.377
-38.425
-38.517
-38.242
-38.27
-38.154
-38.23
-38.446
-38.433
-38.304
-38.151
-38.305
-38.35
-38.38
-38.215
-38.277
-38.278
-38.342
-38.345
-38.307
-38.279
-38.221
-38.185
-38.298
-38.406
-38.501
-38.409
-38.573
-38.273
-38.37
-38.344
-38.445
-38.267
-38.315
-38.422
-38.322
-38.552
-38.438
-38.359
-38.324
-38.354
-38.168
-38.588
-38.269
-38.29
-38.098
-38.286
-38.237
-38.237
-38.164
-38.145
-38.33
-38.486
-38.401
-38.275
-38.37
-38.357
-38.315
-38.263
-38.485
-38.351
-38.293
-38.273
-38.263
-38.266
-38.272
-38.451
-38.46
-38.257
-38.344
-38.393
-38.379
-38.257
-38.488
-38.349
-38.488
-38.366
-38.255
-38.385
-38.339
-38.467
-38.32
-38.443
-38.312
-38.414
-38.13
-38.176
-38.188
-38.388
-38.175
-38.383
-38.392
-38.562
-38.405
-38.463
-38.283
-38.391
-38.191
-38.327
-38.402
-38.383
-38.303
-38.273
-38.288
-38.487
-38.403
-38.183
-38.271
-38.324
-38.252
-38.269
-38.235
-38.513
-38.157
-38.223
-38.281
-38.181
-38.281
-38.339
-38.287
-38.392
-38.208
-38.53
-38.335
-38.131
-38.337
-38.5
-38.222
-38.317
-38.276
-38.446
-38.372
-38.348
-38.267
-38.388
-38.361
-38.291
-38.256
-38.35
-38.251
-38.306
-38.401
-38.626
-38.253
-38.404
-38.223
-38.393
-38.425
-38.455
-38.316
-38.515
-38.446
-38.292
-38.393
-38.358
-38.173
-38.303
-38.142
-38.46
-38.515
-38.512
-38.228
-38.309
-38.35
-38.49
-38.364
-38.36
-38.235
-38.449
-38.314
-38.265
-38.369
-38.317
-38.348
-38.438
-38.33
-38.33
-38.383
-38.344
-38.364
-38.383
-38.511
-38.241
-38.441
-38.448
-38.218
-38.363
-38.331
-38.259
-38.373
-38.526
-38.52
-38.396
-38.321
-38.399
-38.437
-38.336
-38.469
-38.455
-38.537
-38.402
-38.381
-38.542
-38.309
-38.403
-38.523
-38.404
-38.473
-38.474
-38.224
-38.294
-38.323
-38.431
-38.372
-38.322
-38.537
-38.392
-38.316
-38.301
-38.258
-38.298
-38.275
-38.31
-38.33
-38.437
-38.348
-38.203
-38.31
-38.186
-38.273
-38.474
-38.35
-38.32
-38.266
-38.489
-38.468
-38.276
-38.221
-38.394
-38.339
-38.339
-38.443
-38.293
-38.363
-38.437
-38.491
-38.484
-38.364
-38.435
-38.507
-38.33
-38.388
-38.374
-38.324
-38.548
-38.484
-38.574
-38.357
-38.31
-38.402
-38.257
-38.342
-38.293
-38.352
-38.457
-38.555
-38.34
-38.314
-38.512
-38.478
-38.277
-38.384
-38.351
-38.397
-38.433
-38.356
-38.312
-38.434
-38.375
-38.467
-38.465
-38.522
-38.47
-38.542
-38.344
-38.372
-38.375
-38.284
-38.585
-38.539
-38.333
-38.355
-38.191
-38.445
-38.322
-38.408
-38.326
-38.213
-38.345
-38.414
-38.367
-38.38
-38.444
-38.397
-38.392
-38.502
-38.266
-38.425
-38.446
-38.476
-38.459
-38.576
-38.506
-38.383
-38.355
-38.589
-38.544
-38.369
-38.347
-38.468
-38.401
-38.418
-38.436
-38.468
-38.56
-38.452
-38.401
-38.626
-38.334
-38.275
-38.515
-38.549
-38.408
-38.41
-38.31
-38.407
-38.377
-38.417
-38.441
-38.506
-38.622
-38.492
-38.547
-38.539
-38.523
-38.455
-38.496
-38.412
-38.594
-38.52
-38.477
-38.388
-38.638
-38.622
-38.44
-38.508
-38.558
-38.544
-38.452
-38.48
-38.507
-38.408
-38.391
-38.385
-38.501
-38.463
-38.407
-38.545
-38.358
-38.383
-38.422
-38.371
-38.314
-38.447
-38.358
-38.553
-38.45
-38.573
-38.507
-38.459
-38.47
-38.548
-38.462
-38.495
-38.47
-38.359
-38.5
-38.564
-38.413
-38.381
-38.516
-38.558
-38.628
-38.28
-38.39
-38.585
-38.41
-38.413
-38.435
-38.597
-38.57
-38.514
-38.394
-38.375
-38.372
-38.511
-38.404
-38.471
-38.364
-38.546
-38.506
-38.607
-38.453
-38.316
-38.46
-38.467
-38.464
-38.484
-38.575
-38.462
-38.555
-38.574
-38.4
-38.491
-38.302
-38.302
-38.579
-38.505
-38.467
-38.474
-38.654
-38.719
-38.521
-38.444
-38.455
-38.495
-38.421
-38.396
-38.348
-38.42
-38.27
-38.383
-38.526
-38.464
-38.338
-38.428
-38.396
-38.419
-38.511
-38.454
-38.555
-38.458
-38.396
-38.647
-38.632
-38.7
-38.465
-38.568
-38.581
-38.478
-38.453
-38.47
-38.333
-38.178
-38.546
-38.508
-38.539
-38.487
-38.318
-38.44
-38.438
-38.405
-38.404
-38.577
-38.573
-38.419
-38.5
-38.587
-38.384
-38.375
-38.544
-38.533
-38.442
-38.486
-38.707
-38.414
-38.536
-38.546
-38.456
-38.49
-38.39
-38.507
-38.5
-38.505
-38.373
-38.563
-38.517
-38.63
-38.615
-38.55
-38.465
-38.487
-38.508
-38.418
-38.631
-38.555
-38.71
-38.496
-38.49
-38.375
-38.529
-38.428
-38.52
-38.506
-38.434
-38.499
-38.359
-38.438
-38.53
-38.751
-38.444
-38.37
-38.362
-38.555
-38.327
-38.427
-38.29
-38.537
-38.452
-38.401
-38.402
-38.514
-38.345
-38.549
-38.39
-38.627
-38.448
-38.232
-38.493
-38.598
-38.592
-38.733
-38.474
-38.448
-38.46
-38.549
-38.449
-38.351
-38.442
-38.721
-38.383
-38.465
-38.622
-38.708
-38.457
-38.449
-38.658
-38.479
-38.538
-38.446
-38.267
-38.453
-38.599
-38.401
-38.53
-38.564
-38.559
-38.487
-38.678
-38.539
-38.542
-38.445
-38.569
-38.422
-38.354
-38.604
-38.528
-38.632
-38.626
-38.406
-38.364
-38.473
-38.581
-38.418
-38.753
-38.449
-38.57
-38.478
-38.479
-38.361
-38.673
-38.484
-38.464
-38.436
-38.502
-38.498
-38.476
-38.54
-38.591
-38.678
-38.494
-38.485
-38.274
-38.501
-38.419
-38.494
-38.499
-38.509
-38.528
-38.568
-38.501
-38.697
-38.569
-38.605
-38.514
-38.629
-38.439
-38.517
-38.492
-38.624
-38.6
-38.588
-38.543
-38.506
-38.4
-38.594
-38.599
-38.569
-38.38
-38.527
-38.598
-38.454
-38.482
-38.591
-38.742
-38.541
-38.43
-38.621
-38.546
-38.412
-38.572
-38.665
-38.532
-38.577
-38.568
-38.554
-38.682
-38.587
-38.494
-38.51
-38.547
-38.527
-38.39
-38.594
-38.755
-38.464
-38.52
-38.513
-38.641
-38.471
-38.732
-38.496
-38.417
-38.528
-38.526
-38.489
-38.533
-38.686
-38.62
-38.53
-38.469
-38.592
-38.444
-38.666
-38.607
-38.634
-38.674
-38.645
-38.455
-38.394
-38.595
-38.377
-38.585
-38.739
-38.587
-38.602
-38.387
-38.536
-38.758
-38.618
-38.491
-38.463
-38.507
-38.671
-38.652
-38.58
-38.503
-38.503
-38.531
-38.598
-38.737
-38.529
-38.493
-38.616
-38.48
-38.587
-38.61
-38.559
-38.589
-38.569
-38.595
-38.446
-38.424
-38.592
-38.596
-38.501
-38.651
-38.807
-38.741
-38.591
-38.624
-38.541
-38.647
-38.54
-38.421
-38.5
-38.517
-38.619
-38.533
-38.568
-38.753
-38.569
-38.598
-38.612
-38.499
-38.53
-38.573
-38.458
-38.607
-38.516
-38.506
-38.465
-38.495
-38.664
-38.543
-38.572
-38.43
-38.562
-38.548
-38.572
-38.674
-38.459
-38.552
-38.54
-38.586
-38.729
-38.72
-38.589
-38.575
-38.728
-38.65
-38.694
-38.552
-38.66
-38.709
-38.813
-38.598
-38.528
-38.658
-38.72
-38.431
-38.612
-38.549
-38.55
-38.657
-38.447
-38.556
-38.614
-38.706
-38.728
-38.639
-38.607
-38.512
-38.62
-38.656
-38.516
-38.476
-38.607
-38.665
-38.595
-38.48
-38.581
-38.554
-38.508
-38.778
-38.587
-38.614
-38.527
-38.585
-38.631
-38.447
-38.691
-38.616
-38.475
-38.512
-38.613
-38.515
-38.559
-38.63
-38.729
-38.652
-38.711
-38.615
-38.691
-38.647
-38.69
-38.589
-38.53
-38.683
-38.542
-38.654
-38.7
-38.554
-38.728
-38.743
-38.768
-38.722
-38.726
-38.683
-38.759
-38.622
-38.617
-38.448
-38.602
-38.686
-38.724
-38.581
-38.507
-38.656
-38.782
-38.661
-38.691
-38.428
-38.752
-38.656
-38.606
-38.455
-38.641
-38.729
-38.567
-38.617
-38.59
-38.597
-38.747
-38.607
-38.714
-38.566
-38.604
-38.751
-38.67
-38.57
-38.473
-38.645
-38.611
-38.478
-38.582
-38.575
-38.514
-38.521
-38.57
-38.846
-38.514
-38.544
-38.797
-38.661
-38.537
-38.625
-38.84
-38.642
-38.826
-38.604
-38.641
-38.628
-38.708
-38.633
-38.613
-38.676
-38.665
-38.706
-38.604
-38.546
-38.468
-38.737
-38.715
-38.521
-38.558
-38.905
-38.829
-38.79
-38.463
-38.655
-38.649
-38.756
-38.727
-38.723
-38.684
-38.665
-38.525
-38.769
-38.716
-38.753
-38.765
-38.702
-38.469
-38.522
-38.793
-38.723
-38.631
-38.723
-38.593
-38.655
-38.822
-38.697
-38.669
-38.594
-38.597
-38.698
-38.97
-38.794
-38.657
-38.621
-38.691
-38.849
-38.774
-38.595
-38.758
-38.851
-38.807
-38.636
-38.719
-38.651
-38.744
-38.619
-38.574
-38.691
-38.792
-38.73
-38.644
-38.703
-38.842
-38.753
-38.748
-38.699
-38.844
-38.678
-38.858
-38.862
-38.914
-38.704
-38.766
-38.599
-38.77
-38.729
-38.574
-38.494
-38.757
-38.729
-38.725
-38.789
-38.832
-38.555
-38.674
-38.914
-38.625
-38.755
-38.618
-38.689
-38.671
-38.764
-38.858
-38.806
-38.811
-38.676
-38.647
-38.693
-38.679
-38.586
-38.684
-38.635
-38.476
-38.748
-38.752
-38.801
-38.611
-38.701
-38.662
-38.726
-38.756
-38.816
-38.767
-38.76
-38.78
-38.708
-38.778
-38.805
-38.669
-38.878
-38.797
-38.912
-38.712
-38.865
-38.629
-38.804
-38.75
-38.786
-38.663
-38.594
-38.748
-38.797
-38.597
-38.707
-38.691
-38.901
-38.521
-38.771
-38.538
-38.629
-38.69
-38.635
-38.661
-38.657
-38.767
-38.737
-38.685
-38.689
-38.785
-38.849
-38.769
-38.807
-38.551
-38.838
-38.635
-38.686
-38.784
-38.731
-38.798
-38.725
-38.887
-38.829
-38.969
-38.878
-38.741
-38.89
-38.705
-38.861
-38.857
-38.845
-38.67
-38.853
-38.805
-38.699
-38.663
-38.53
-38.853
-38.651
-38.686
-38.693
-38.661
-38.858
-38.899
-38.817
-38.668
-38.748
-38.651
-38.922
-38.824
-38.585
-38.827
-38.638
-38.594
-38.713
-38.686
-38.783
-38.66
-38.669
-38.611
-38.814
-38.693
-38.76
-38.928
-38.653
-38.984
-38.715
-38.713
-38.724
-38.833
-38.831
-38.839
-38.839
-38.777
-38.862
-38.688
-38.64
-38.819
-38.822
-38.866
-38.532
-38.588
-38.818
-38.829
-38.78
-38.747
-38.824
-38.745
-38.784
-38.752
-38.84
-38.907
-38.764
-38.705
-38.751
-38.672
-38.864
-38.807
-38.718
-38.772
-38.779
-38.88
-38.799
-38.931
-38.804
-38.811
-38.804
-38.862
-38.759
-38.919
-38.63
-38.641
-38.7
-38.797
-38.789
-38.692
-38.859
-38.766
-38.649
-38.898
-38.708
-38.841
-38.779
-38.695
-38.882
-38.825
-38.753
-38.76
-38.863
-38.931
-38.886
-38.85
-38.833
-38.851
-38.822
-38.867
-38.846
-38.797
-38.893
-38.77
-38.85
-38.827
-38.701
-38.846
-38.803
-38.708
-38.823
-38.612
-38.724
-38.642
-38.808
-38.765
-38.835
-38.857
-38.895
-38.933
-38.81
-38.716
-38.833
-38.785
-38.917
-38.938
-38.815
-38.856
-38.741
-38.758
-38.713
-38.73
-38.872
-38.796
-38.68
-38.839
-38.872
-38.876
-38.729
-38.647
-38.721
-38.849
-38.69
-38.753
-38.754
-38.908
-38.717
-38.761
-38.803
-38.844
-38.796
-38.72
-38.842
-38.633
-38.918
-39.005
-38.953
-38.823
-38.877
-38.794
-38.797
-38.758
-38.928
-38.877
-38.803
-38.925
-38.846
-38.784
-38.929
-38.735
-38.894
-38.731
-38.914
-38.625
-38.801
-38.76
-38.791
-38.889
-38.847
-38.765
-38.724
-38.768
-38.738
-38.93
-38.837
-38.766
-38.852
-38.937
-39.006
-38.849
-38.777
-38.916
-38.853
-38.781
-38.818
-38.702
-38.788
-38.988
-38.901
-38.94
-38.959
-38.677
-38.904
-38.757
-38.85
-38.916
-38.931
-38.728
-38.847
-38.928
-38.861
-38.845
-38.838
-38.975
-38.734
-38.924
-38.785
-38.836
-38.811
-38.814
-39.04
-38.93
-38.857
-38.84
-38.969
-38.772
-38.789
-38.958
-38.884
-38.72
-38.839
-38.914
-38.803
-38.936
-38.845
-38.894
-39.112
-38.932
-38.815
-38.94
-38.863
-38.911
-38.84
-38.859
-38.825
-39.01
-38.974
-38.884
-38.932
-38.857
-38.888
-38.849
-38.8
-38.786
-38.847
-38.844
-38.833
-38.855
-38.826
-38.801
-38.793
-38.848
-38.86
-39.139
-38.819
-38.877
-38.981
-38.857
-38.996
-38.889
-38.857
-38.988
-38.858
-38.992
-38.89
-38.907
-38.828
-38.813
-38.84
-38.906
-38.848
-38.986
-38.857
-38.92
-38.69
-38.792
-38.86
-39.02
-38.882
-38.89
-38.946
-38.816
-38.745
-38.845
-38.972
-38.717
-39.046
-38.857
-38.871
-38.694
-38.826
-38.943
-38.963
-38.817
-38.789
-38.91
-38.939
-39.079
-38.859
-38.953
-38.772
-38.82
-38.958
-38.705
-38.972
-38.74
-38.964
-38.775
-38.803
-38.961
-38.865
-38.748
-38.896
-38.926
-38.985
-38.982
-38.896
-38.918
-38.857
-38.872
-38.876
-38.861
-38.851
-38.921
-38.795
-38.956
-38.96
-38.907
-38.825
-38.814
-38.787
-38.952
-38.791
-38.753
-38.871
-38.858
-38.925
-38.861
-38.902
-38.897
-39.115
-39.118
-39.033
-39.017
-39.064
-38.847
-38.943
-38.997
-38.931
-38.984
-38.832
-38.93
-38.862
-38.836
-38.771
-38.982
-38.965
-38.936
-39.09
-39.029
-39.023
-38.838
-39.081
-38.83
-38.73
-38.917
-38.932
-38.877
-38.852
-38.943
-38.943
-38.959
-38.965
-38.977
-38.915
-38.841
-39.058
-38.999
-38.781
-38.698
-38.885
-38.972
-38.975
-38.963
-38.806
-39.161
-39.012
-38.928
-39.019
-38.969
-39.073
-38.96
-38.96
-39.045
-38.809
-38.908
-38.966
-38.856
-38.893
-39.069
-38.898
-38.956
-39.008
-39.057
-39.027
-38.973
-38.976
-38.969
-39.126
-38.819
-38.943
-38.854
-38.924
-38.899
-38.884
-38.906
-39.142
-38.881
-39.116
-39.053
-38.986
-38.857
-38.801
-38.989
-39.075
-38.656
-38.767
-39.056
-39.063
-38.888
-38.956
-39.135
-38.896
-38.985
-38.883
-38.897
-38.911
-38.916
-38.952
-38.963
-39.037
-39.091
-39.055
-38.81
-38.918
-39.02
-38.741
-38.913
-39.024
-38.905
-38.921
-39.061
-38.794
-38.91
-38.757
-38.864
-39.014
-39.172
-38.988
-39.004
-38.998
-38.757
-39.099
-38.925
-39.068
-38.991
-39.007
-38.955
-39.132
-38.88
-38.787
-39.019
-39.038
-39.125
-38.911
-38.869
-38.86
-39.084
-38.916
-39.017
-38.95
-39.147
-38.988
-39.058
-39.096
-38.969
-38.861
-39.07
-38.882
-38.952
-38.867
-38.986
-39.042
-38.926
-39.093
-38.973
-38.999
-39.001
-38.968
-38.778
-38.983
-39.047
-38.967
-39.076
-38.907
-38.963
-38.845
-38.781
-38.905
-38.956
-38.96
-39.162
-39.047
-38.953
-38.981
-38.894
-39.019
-38.978
-38.874
-39.107
-39.071
-38.953
-38.875
-39.035
-39.096
-39.039
-38.894
-38.923
-39.024
-39.224
-38.983
-39.034
-38.913
-38.935
-39.033
-39.094
-39.006
-39.03
-38.896
-38.982
-38.866
-38.994
-39.029
-38.935
-39.121
-38.965
-38.908
-38.997
-38.934
-39.142
-39.114
-38.78
-38.902
-38.97
-39.083
-39.064
-38.99
-38.964
-38.926
-38.988
-38.952
-38.996
-38.853
-38.96
-39.073
-38.916
-39.137
-39.084
-39.049
-38.836
-39.055
-38.963
-38.981
-38.951
-38.907
-38.91
-38.935
-39.058
-39.068
-39.04
-39.1
-39.122
-39.097
-38.982
-38.861
-38.755
-39.076
-39.005
-38.968
-38.946
-38.924
-39.12
-39.003
-38.993
-39.028
-39.181
-38.902
-38.862
-38.923
-39.072
-39.068
-39.025
-39.003
-39.081
-39.084
-38.915
-39.093
-39.1
-39.249
-39.222
-39.096
-38.977
-39.062
-38.962
-39.141
-38.965
-38.913
-39.066
-38.979
-39.004
-39.114
-38.874
-39.177
-38.921
-39.025
-38.903
-38.886
-39.033
-39.032
-38.9
-38.925
-38.95
-39.005
-39.051
-39.072
-39.106
-39.107
-39.092
-39.021
-39.156
-38.962
-38.978
-39.044
-39.035
-38.971
-38.876
-39.114
-39.149
-39.112
-38.971
-39.341
-39.161
-39.026
-38.928
-38.994
-38.829
-39.027
-38.747
-38.957
-38.897
-39.04
-39.084
-39.005
-39.04
-39.023
-39.032
-39.012
-39.153
-38.957
-39.065
-38.94
-39.063
-39.123
-39.092
-38.869
-38.968
-39.037
-39.122
-38.976
-38.999
-39.018
-39.122
-39.079
-39.143
-38.995
-38.985
-39.038
-38.901
-39.009
-39.069
-39.007
-38.94
-39.089
-38.947
-39.124
-39.058
-39.126
-39.071
-39.061
-39.047
-38.921
-38.95
-38.811
-38.929
-38.824
-39.016
-38.93
-39.087
-38.974
-38.862
-39.035
-39.047
-39.247
-38.906
-39.122
-39.132
-39.015
-39.085
-39.098
